option = {
  title: {
    text: 'H公立医院2017年7月药品加成整体情况分析'
  },
  xAxis: {
    type: 'value',
    name: '购入价（元）'
  },
  yAxis: {
    type: 'value',
    name: '零售价（元）'
  },
  dataZoom: [{
    type: 'slider',
  }, {
    type: 'inside',
  }],
  series: [{
      symbolSize: 10,
      data: [
        [8.83, 12.56],
        [34.69, 38.16],
        [55.85, 95],
        [47, 65.8],
        [34.42, 41.15],
        [28.88, 29.25],
        [10.67, 10.67],
        [5.34, 5.56],
        [30.67, 30.67],
        [3.6, 4],
        [87.52, 103],
        [22.86, 25.55],
        [5.05, 5],
        [20.47, 23.03],
        [97.22, 100],
        [33.02, 36.69],
        [19, 20.91],
        [65.05, 67.32],
        [52.08, 40.99],
        [27.24, 27.6],
        [25.36, 25.56],
        [21, 21],
        [16.28, 20],
        [816.76, 1005],
        [7.7, 7.98],
        [55.56, 55],
        [92.31, 32.01],
        [18, 13.32],
        [48, 29.38],
        [40.98, 41.13],
        [61.83, 63.48],
        [224.68, 224.68],
        [10.95, 13.44],
        [28.49, 40.7],
        [43.18, 49.48],
        [1722.69, 1971.5],
        [87.11, 91.83],
        [64.86, 69.14],
        [28.5, 8.03],
        [29.58, 29],
        [42.2, 44.9],
        [37.98, 39.36],
        [76.2, 133],
        [28.96, 29.24],
        [27.61, 31],
        [30, 28.8],
        [26.5, 26.5],
        [164.95, 182.6],
        [19.73, 15.95],
        [39, 47.9],
        [47.6, 62.89],
        [77.7, 118],
        [46.84, 84.7],
        [144, 339.13],
        [38.34, 40.34],
        [16.8, 22.8],
        [27.51, 27.51],
        [4.52, 2.45],
        [14.5, 8.1],
        [1155, 1980],
        [17.28, 18.61],
        [27.27, 25.7],
        [202, 202],
        [27.21, 30.45],
        [179.38, 231.3],
        [109.24, 119.98],
        [26.08, 29.9],
        [36, 37],
        [38.94, 41.47],
        [2.01, 2.89],
        [11.65, 13.6],
        [33.49, 23.5],
        [31.32, 38.7],
        [65.27, 93.9],
        [7.78, 10],
        [52.78, 56],
        [112.21, 94.61],
        [48.75, 51.17],
        [23.93, 24.6],
        [53.3, 53.3],
        [25.86, 25.29],
        [23.53, 29.8],
        [17.55, 19.3],
        [26.25, 26.25],
        [19.96, 20.7],
        [13.85, 8.83],
        [64.69, 74.4],
        [24.29, 30],
        [62.7, 66.99],
        [19.13, 22],
        [27.29, 30.31],
        [12.03, 12.7],
        [32, 22.78],
        [60.12, 62.91],
        [50.83, 53.87],
        [118.3, 159.13],
        [14.32, 15.088],
        [4.8, 5.03],
        [699, 790],
        [24.27, 23],
        [22.99, 26.2],
        [37.07, 40],
        [41.14, 46],
        [31.75, 33.43],
        [27, 31.13],
        [34.2, 36.8],
        [12.29, 13.4],
        [54.5, 59.6],
        [35.5, 35.5],
        [32.93, 36.31],
        [24, 24.97],
        [211.86, 228.7],
        [19.03, 19.03],
        [62.61, 52.6],
        [25.2, 28],
        [4.9, 5.5],
        [42.12, 45.8],
        [74.19, 82.43],
        [52, 52.24],
        [23.13, 25.5],
        [21.38, 27.6],
        [22.7, 23.78],
        [22.3, 22.43],
        [6.17, 6.54],
        [4.25, 4.35],
        [69.83, 74.85],
        [63.8, 79.4],
        [16.8, 5.44],
        [47.86, 53],
        [30.72, 32.6],
        [23.5, 27.1],
        [33.79, 47.3],
        [52.88, 55.67],
        [25.6, 38.17],
        [21.28, 25],
        [28, 7.1],
        [19, 18.1],
        [20.19, 22.55],
        [12.2, 12.52],
        [31.35, 31.74],
        [10.5, 10.3],
        [29, 18.4],
        [36, 37.91],
        [121.8, 127],
        [32.98, 33.77],
        [346, 320],
        [4.51, 4.69],
        [30.72, 32.58],
        [39.14, 42.17],
        [15, 17.39],
        [48, 52.66],
        [68.03, 109.565],
        [3.8, 3.1],
        [42.71, 43.2],
        [42.79, 43.8],
        [42.67, 42.8],
        [35.56, 38.67],
        [22, 22.19],
        [16.8, 13.42],
        [29.47, 32.78],
        [165.48, 166.06],
        [19.62, 20.35],
        [37.34, 43.21],
        [40.25, 41.73],
        [29.8, 32],
        [24.2, 24.6],
        [29.97, 31.45],
        [32.39, 35.3],
        [30.92, 30.92]
      ],
      type: 'scatter'
    },
    {
      data: [0, 1, 3, 5, 7, 9, 11, 13, 15, 17, 19, 21, 23, 25, 27, 29, 31, 33, 35, 37, 39, 41, 43, 45, 47, 49, 51, 53, 55, 57, 59, 61, 63, 65, 67, 69, 71, 73, 75, 77, 79, 81, 83, 85, 87, 89, 91, 93, 95, 97, 99, 101, 103, 105, 107, 109, 111, 113, 115, 117, 119, 121, 123, 125, 127, 129, 131, 133, 135, 137, 139, 141, 143, 145, 147, 149, 151, 153, 155, 157, 159, 161, 163, 165, 167, 169, 171, 173, 175, 177, 179, 181, 183, 185, 187, 189, 191, 193, 195, 197, 199, 201, 203, 205, 207, 209, 211, 213, 215, 217, 219, 221, 223, 225, 227, 229, 231, 233, 235, 237, 239, 241, 243, 245, 247, 249, 251, 253, 255, 257, 259, 261, 263, 265, 267, 269, 271, 273, 275, 277, 279, 281, 283, 285, 287, 289, 291, 293, 295, 297, 299, 301, 303, 305, 307, 309, 311, 313, 315, 317, 319, 321, 323, 325, 327, 329, 331, 333, 335, 337, 339, 341, 343, 345, 347, 349, 351, 353, 355, 357, 359, 361, 363, 365, 367, 369, 371, 373, 375, 377, 379, 381, 383, 385, 387, 389, 391, 393, 395, 397, 399, 401, 403, 405, 407, 409, 411, 413, 415, 417, 419, 421, 423, 425, 427, 429, 431, 433, 435, 437, 439, 441, 443, 445, 447, 449, 451, 453, 455, 457, 459, 461, 463, 465, 467, 469, 471, 473, 475, 477, 479, 481, 483, 485, 487, 489, 491, 493, 495, 497, 499, 501, 503, 505, 507, 509, 511, 513, 515, 517, 519, 521, 523, 525, 527, 529, 531, 533, 535, 537, 539, 541, 543, 545, 547, 549, 551, 553, 555, 557, 559, 561, 563, 565, 567, 569, 571, 573, 575, 577, 579, 581, 583, 585, 587, 589, 591, 593, 595, 597, 599, 601, 603, 605, 607, 609, 611, 613, 615, 617, 619, 621, 623, 625, 627, 629, 631, 633, 635, 637, 639, 641, 643, 645, 647, 649, 651, 653, 655, 657, 659, 661, 663, 665, 667, 669, 671, 673, 675, 677, 679, 681, 683, 685, 687, 689, 691, 693, 695, 697, 699, 701, 703, 705, 707, 709, 711, 713, 715, 717, 719, 721, 723, 725, 727, 729, 731, 733, 735, 737, 739, 741, 743, 745, 747, 749, 751, 753, 755, 757, 759, 761, 763, 765, 767, 769, 771, 773, 775, 777, 779, 781, 783, 785, 787, 789, 791, 793, 795, 797, 799, 801, 803, 805, 807, 809, 811, 813, 815, 817, 819, 821, 823, 825, 827, 829, 831, 833, 835, 837, 839, 841, 843, 845, 847, 849, 851, 853, 855, 857, 859, 861, 863, 865, 867, 869, 871, 873, 875, 877, 879, 881, 883, 885, 887, 889, 891, 893, 895, 897, 899, 901, 903, 905, 907, 909, 911, 913, 915, 917, 919, 921, 923, 925, 927, 929, 931, 933, 935, 937, 939, 941, 943, 945, 947, 949, 951, 953, 955, 957, 959, 961, 963, 965, 967, 969, 971, 973, 975, 977, 979, 981, 983, 985, 987, 989, 991, 993, 995, 997, 999, 1001, 1003, 1005, 1007, 1009, 1011, 1013, 1015, 1017, 1019, 1021, 1023, 1025, 1027, 1029, 1031, 1033, 1035, 1037, 1039, 1041, 1043, 1045, 1047, 1049, 1051, 1053, 1055, 1057, 1059, 1061, 1063, 1065, 1067, 1069, 1071, 1073, 1075, 1077, 1079, 1081, 1083, 1085, 1087, 1089, 1091, 1093, 1095, 1097, 1099, 1101, 1103, 1105, 1107, 1109, 1111, 1113, 1115, 1117, 1119, 1121, 1123, 1125, 1127, 1129, 1131, 1133, 1135, 1137, 1139, 1141, 1143, 1145, 1147, 1149, 1151, 1153, 1155, 1157, 1159, 1161, 1163, 1165, 1167, 1169, 1171, 1173, 1175, 1177, 1179, 1181, 1183, 1185, 1187, 1189, 1191, 1193, 1195, 1197, 1199, 1201, 1203, 1205, 1207, 1209, 1211, 1213, 1215, 1217, 1219, 1221, 1223, 1225, 1227, 1229, 1231, 1233, 1235, 1237, 1239, 1241, 1243, 1245, 1247, 1249, 1251, 1253, 1255, 1257, 1259, 1261, 1263, 1265, 1267, 1269, 1271, 1273, 1275, 1277, 1279, 1281, 1283, 1285, 1287, 1289, 1291, 1293, 1295, 1297, 1299, 1301, 1303, 1305, 1307, 1309, 1311, 1313, 1315, 1317, 1319, 1321, 1323, 1325, 1327, 1329, 1331, 1333, 1335, 1337, 1339, 1341, 1343, 1345, 1347, 1349, 1351, 1353, 1355, 1357, 1359, 1361, 1363, 1365, 1367, 1369, 1371, 1373, 1375, 1377, 1379, 1381, 1383, 1385, 1387, 1389, 1391, 1393, 1395, 1397, 1399, 1401, 1403, 1405, 1407, 1409, 1411, 1413, 1415, 1417, 1419, 1421, 1423, 1425, 1427, 1429, 1431, 1433, 1435, 1437, 1439, 1441, 1443, 1445, 1447, 1449, 1451, 1453, 1455, 1457, 1459, 1461, 1463, 1465, 1467, 1469, 1471, 1473, 1475, 1477, 1479, 1481, 1483, 1485, 1487, 1489, 1491, 1493, 1495, 1497, 1499, 1501, 1503, 1505, 1507, 1509, 1511, 1513, 1515, 1517, 1519, 1521, 1523, 1525, 1527, 1529, 1531, 1533, 1535, 1537, 1539, 1541, 1543, 1545, 1547, 1549, 1551, 1553, 1555, 1557, 1559, 1561, 1563, 1565, 1567, 1569, 1571, 1573, 1575, 1577, 1579, 1581, 1583, 1585, 1587, 1589, 1591, 1593, 1595, 1597, 1599, 1601, 1603, 1605, 1607, 1609, 1611, 1613, 1615, 1617, 1619, 1621, 1623, 1625, 1627, 1629, 1631, 1633, 1635, 1637, 1639, 1641, 1643, 1645, 1647, 1649, 1651, 1653, 1655, 1657, 1659, 1661, 1663, 1665, 1667, 1669, 1671, 1673, 1675, 1677, 1679, 1681, 1683, 1685, 1687, 1689, 1691, 1693, 1695, 1697, 1699, 1701, 1703, 1705, 1707, 1709, 1711, 1713, 1715, 1717, 1719, 1721, 1723, 1725, 1727, 1729, 1731, 1733, 1735, 1737, 1739, 1741, 1743, 1745, 1747, 1749, 1751, 1753, 1755, 1757, 1759, 1761, 1763, 1765, 1767, 1769, 1771, 1773, 1775, 1777, 1779, 1781, 1783, 1785, 1787, 1789, 1791, 1793, 1795, 1797, 1800],
      type: 'line',
      symbolSize: 0.5
    }
  ],

};