var productCountList = [
  [1536046920000, 1184],
  [1536046860000, 1252],
  [1536046800000, 1428],
  [1536046740000, 1233],
  [1536046680000, 1232],
  [1536046620000, 1135],
  [1536046560000, 1318],
  [1536046500000, 1388],
  [1536046440000, 1209],
  [1536046380000, 1355],
  [1536046320000, 1459],
  [1536046260000, 2935],
  [1536046200000, 0],
  [1536046140000, 1253],
  [1536046080000, 1273],
  [1536046020000, 1274],
  [1536045960000, 1258],
  [1536045900000, 1362],
  [1536045840000, 1087],
  [1536045780000, 1070],
  [1536045720000, 1294],
  [1536045660000, 1038],
  [1536045600000, 1164],
  [1536045540000, 1423],
  [1536045480000, 1281],
  [1536045420000, 1360],
  [1536045360000, 1320],
  [1536045300000, 1295],
  [1536045240000, 1325],
  [1536045180000, 1196],
  [1536045120000, 1259],
  [1536045060000, 1255],
  [1536045000000, 1396],
  [1536044940000, 1720],
  [1536044880000, 2270],
  [1536044820000, 2134],
  [1536044760000, 0],
  [1536044700000, 1003],
  [1536044640000, 1182],
  [1536044580000, 1194],
  [1536044520000, 1321],
  [1536044460000, 1261],
  [1536044400000, 1213],
  [1536044340000, 1287],
  [1536044280000, 1213],
  [1536044220000, 1283],
  [1536044160000, 1031],
  [1536044100000, 1346],
  [1536044040000, 1326],
  [1536043980000, 1178],
  [1536043920000, 1154],
  [1536043860000, 1357],
  [1536043800000, 1458],
  [1536043740000, 1203],
  [1536043680000, 1618],
  [1536043620000, 1146],
  [1536043560000, 1301],
  [1536043500000, 1361],
  [1536043440000, 1080],
  [1536043380000, 1359],
  [1536043320000, 1184],
  [1536043260000, 1256],
  [1536043200000, 1338],
  [1536043140000, 1206],
  [1536043080000, 1164],
  [1536043020000, 1217],
  [1536042960000, 1156],
  [1536042900000, 1199],
  [1536042840000, 1262],
  [1536042780000, 1017],
  [1536042720000, 1226],
  [1536042660000, 1219],
  [1536042600000, 1736],
  [1536042540000, 1213],
  [1536042480000, 1189],
  [1536042420000, 1215],
  [1536042360000, 1360],
  [1536042300000, 1133],
  [1536042240000, 1153],
  [1536042180000, 1125],
  [1536042120000, 1026],
  [1536042060000, 1263],
  [1536042000000, 1036],
  [1536041940000, 1090],
  [1536041880000, 1457],
  [1536041820000, 1259],
  [1536041760000, 1066],
  [1536041700000, 1338],
  [1536041640000, 1244],
  [1536041580000, 916],
  [1536041520000, 1094],
  [1536041460000, 1179],
  [1536041400000, 2110],
  [1536041340000, 1165],
  [1536041280000, 1336],
  [1536041220000, 1208],
  [1536041160000, 994],
  [1536041100000, 1114],
  [1536041040000, 1299],
  [1536040980000, 1099],
  [1536040920000, 1131],
  [1536040860000, 987],
  [1536040800000, 983],
  [1536040740000, 1118],
  [1536040680000, 970],
  [1536040620000, 1171],
  [1536040560000, 1133],
  [1536040500000, 914],
  [1536040440000, 1074],
  [1536040380000, 1427],
  [1536040320000, 1078],
  [1536040260000, 1277],
  [1536040200000, 3051],
  [1536040140000, 1],
  [1536040080000, 809],
  [1536040020000, 1022],
  [1536039960000, 2257],
  [1536039900000, 0],
  [1536039840000, 1244],
  [1536039780000, 1185],
  [1536039720000, 921],
  [1536039660000, 1595],
  [1536039600000, 495],
  [1536039540000, 1097],
  [1536039480000, 1089],
  [1536039420000, 1059],
  [1536039360000, 1138],
  [1536039300000, 1109],
  [1536039240000, 1027],
  [1536039180000, 1076],
  [1536039120000, 1196],
  [1536039060000, 977],
  [1536039000000, 1087],
  [1536038940000, 1095],
  [1536038880000, 1183],
  [1536038820000, 1005],
  [1536038760000, 1265],
  [1536038700000, 1300],
  [1536038640000, 1102],
  [1536038580000, 1257],
  [1536038520000, 971],
  [1536038460000, 893],
  [1536038400000, 1364],
  [1536038340000, 1087],
  [1536038280000, 2390],
  [1536038220000, 29],
  [1536038160000, 1099],
  [1536038100000, 964],
  [1536038040000, 1040],
  [1536037980000, 1104],
  [1536037920000, 1157],
  [1536037860000, 1155],
  [1536037800000, 1017],
  [1536037740000, 1129],
  [1536037680000, 1162],
  [1536037620000, 1100],
  [1536037560000, 1076],
  [1536037500000, 912],
  [1536037440000, 1070],
  [1536037380000, 989],
  [1536037320000, 1389],
  [1536037260000, 1168],
  [1536037200000, 870],
  [1536037140000, 1162],
  [1536037080000, 1182],
  [1536037020000, 1274],
  [1536036960000, 1185],
  [1536036900000, 1268],
  [1536036840000, 1225],
  [1536036780000, 1484],
  [1536036720000, 1297],
  [1536036660000, 1361],
  [1536036600000, 1081],
  [1536036540000, 1216],
  [1536036480000, 1284],
  [1536036420000, 1182],
  [1536036360000, 1023],
  [1536036300000, 1207],
  [1536036240000, 1081],
  [1536036180000, 1202],
  [1536036120000, 1339],
  [1536036060000, 1251],
  [1536036000000, 1130],
  [1536035940000, 1281],
  [1536035880000, 1253],
  [1536035820000, 2871],
  [1536035760000, 367],
  [1536035700000, 1322],
  [1536035640000, 1334],
  [1536035580000, 1313],
  [1536035520000, 1327],
  [1536035460000, 1187],
  [1536035400000, 1089],
  [1536035340000, 1286],
  [1536035280000, 1301],
  [1536035220000, 1423],
  [1536035160000, 1357],
  [1536035100000, 1527],
  [1536035040000, 1284],
  [1536034980000, 1276],
  [1536034920000, 1365],
  [1536034860000, 1194],
  [1536034800000, 1225],
  [1536034740000, 1178],
  [1536034680000, 1377],
  [1536034620000, 1052],
  [1536034560000, 982],
  [1536034500000, 1071],
  [1536034440000, 1218],
  [1536034380000, 1187],
  [1536034320000, 1127],
  [1536034260000, 1316],
  [1536034200000, 1093],
  [1536034140000, 1407],
  [1536034080000, 1232],
  [1536034020000, 1219],
  [1536033960000, 1317],
  [1536033900000, 1296],
  [1536033840000, 1476],
  [1536033780000, 1236],
  [1536033720000, 1398],
  [1536033660000, 1389],
  [1536033600000, 1336],
  [1536033540000, 1528],
  [1536033480000, 1170],
  [1536033420000, 1553],
  [1536033360000, 1298],
  [1536033300000, 1458],
  [1536033240000, 1148],
  [1536033180000, 1050],
  [1536033120000, 1303],
  [1536033060000, 1211],
  [1536033000000, 2978],
  [1536032940000, 0],
  [1536032880000, 1073],
  [1536032820000, 1339],
  [1536032760000, 2903],
  [1536032700000, 0],
  [1536032640000, 1349],
  [1536032580000, 1414],
  [1536032520000, 3205],
  [1536032460000, 9],
  [1536032400000, 782],
  [1536032340000, 1304],
  [1536032280000, 1370],
  [1536032220000, 1299],
  [1536032160000, 1356],
  [1536032100000, 1381],
  [1536032040000, 1243],
  [1536031980000, 1219],
  [1536031920000, 1383],
  [1536031860000, 1296],
  [1536031800000, 1421],
  [1536031740000, 1287],
  [1536031680000, 1625],
  [1536031620000, 1229],
  [1536031560000, 1554],
  [1536031500000, 1244],
  [1536031440000, 1471],
  [1536031380000, 1282],
  [1536031320000, 1360],
  [1536031260000, 1690],
  [1536031200000, 1501],
  [1536031140000, 1534],
  [1536031080000, 1554],
  [1536031020000, 1504],
  [1536030960000, 3145],
  [1536030900000, 120],
  [1536030840000, 3245],
  [1536030780000, 0],
  [1536030720000, 1126],
  [1536030660000, 1640],
  [1536030600000, 1646],
  [1536030540000, 1447],
  [1536030480000, 1621],
  [1536030420000, 1612],
  [1536030360000, 1425],
  [1536030300000, 1361],
  [1536030240000, 1560],
  [1536030180000, 1196],
  [1536030120000, 1416],
  [1536030060000, 1442],
  [1536030000000, 1658],
  [1536029940000, 1292],
  [1536029880000, 1262],
  [1536029820000, 1234],
  [1536029760000, 1278],
  [1536029700000, 1272],
  [1536029640000, 1329],
  [1536029580000, 1256],
  [1536029520000, 2992],
  [1536029460000, 0],
  [1536029400000, 1112],
  [1536029340000, 1285],
  [1536029280000, 2554],
  [1536029220000, 21],
  [1536029160000, 1440],
  [1536029100000, 1250],
  [1536029040000, 1339],
  [1536028980000, 1466]
];
var consumeCountList = [
  [1536046920000, 1195],
  [1536046860000, 1240],
  [1536046800000, 1428],
  [1536046740000, 1258],
  [1536046680000, 1207],
  [1536046620000, 1141],
  [1536046560000, 1317],
  [1536046500000, 1392],
  [1536046440000, 1200],
  [1536046380000, 1373],
  [1536046320000, 1445],
  [1536046260000, 2931],
  [1536046200000, 0],
  [1536046140000, 1262],
  [1536046080000, 1267],
  [1536046020000, 1280],
  [1536045960000, 1261],
  [1536045900000, 1350],
  [1536045840000, 1092],
  [1536045780000, 1067],
  [1536045720000, 1312],
  [1536045660000, 1043],
  [1536045600000, 1151],
  [1536045540000, 1427],
  [1536045480000, 1299],
  [1536045420000, 1333],
  [1536045360000, 1334],
  [1536045300000, 1283],
  [1536045240000, 1352],
  [1536045180000, 1178],
  [1536045120000, 1263],
  [1536045060000, 1272],
  [1536045000000, 1364],
  [1536044940000, 1906],
  [1536044880000, 2077],
  [1536044820000, 2134],
  [1536044760000, 0],
  [1536044700000, 1004],
  [1536044640000, 1215],
  [1536044580000, 1187],
  [1536044520000, 1297],
  [1536044460000, 1268],
  [1536044400000, 1243],
  [1536044340000, 1257],
  [1536044280000, 1212],
  [1536044220000, 1279],
  [1536044160000, 1056],
  [1536044100000, 1357],
  [1536044040000, 1296],
  [1536043980000, 1194],
  [1536043920000, 1146],
  [1536043860000, 1346],
  [1536043800000, 1498],
  [1536043740000, 1182],
  [1536043680000, 1612],
  [1536043620000, 1150],
  [1536043560000, 1287],
  [1536043500000, 1373],
  [1536043440000, 1073],
  [1536043380000, 1355],
  [1536043320000, 1200],
  [1536043260000, 1249],
  [1536043200000, 1349],
  [1536043140000, 1198],
  [1536043080000, 1178],
  [1536043020000, 1202],
  [1536042960000, 1186],
  [1536042900000, 1175],
  [1536042840000, 1271],
  [1536042780000, 1056],
  [1536042720000, 1180],
  [1536042660000, 1217],
  [1536042600000, 1727],
  [1536042540000, 1223],
  [1536042480000, 1181],
  [1536042420000, 1221],
  [1536042360000, 1364],
  [1536042300000, 1181],
  [1536042240000, 1123],
  [1536042180000, 1135],
  [1536042120000, 1012],
  [1536042060000, 1300],
  [1536042000000, 1015],
  [1536041940000, 1081],
  [1536041880000, 1463],
  [1536041820000, 1248],
  [1536041760000, 1067],
  [1536041700000, 1362],
  [1536041640000, 1226],
  [1536041580000, 921],
  [1536041520000, 1096],
  [1536041460000, 1179],
  [1536041400000, 2134],
  [1536041340000, 1150],
  [1536041280000, 1333],
  [1536041220000, 1232],
  [1536041160000, 977],
  [1536041100000, 1115],
  [1536041040000, 1295],
  [1536040980000, 1115],
  [1536040920000, 1131],
  [1536040860000, 974],
  [1536040800000, 986],
  [1536040740000, 1137],
  [1536040680000, 973],
  [1536040620000, 1146],
  [1536040560000, 1131],
  [1536040500000, 921],
  [1536040440000, 1083],
  [1536040380000, 1436],
  [1536040320000, 1071],
  [1536040260000, 1259],
  [1536040200000, 3051],
  [1536040140000, 1],
  [1536040080000, 812],
  [1536040020000, 1029],
  [1536039960000, 2247],
  [1536039900000, 4],
  [1536039840000, 1279],
  [1536039780000, 1146],
  [1536039720000, 930],
  [1536039660000, 1586],
  [1536039600000, 500],
  [1536039540000, 1092],
  [1536039480000, 1113],
  [1536039420000, 1080],
  [1536039360000, 1118],
  [1536039300000, 1104],
  [1536039240000, 1029],
  [1536039180000, 1071],
  [1536039120000, 1209],
  [1536039060000, 967],
  [1536039000000, 1084],
  [1536038940000, 1112],
  [1536038880000, 1197],
  [1536038820000, 984],
  [1536038760000, 1271],
  [1536038700000, 1319],
  [1536038640000, 1094],
  [1536038580000, 1261],
  [1536038520000, 957],
  [1536038460000, 913],
  [1536038400000, 1411],
  [1536038340000, 1020],
  [1536038280000, 2390],
  [1536038220000, 30],
  [1536038160000, 1109],
  [1536038100000, 962],
  [1536038040000, 1037],
  [1536037980000, 1106],
  [1536037920000, 1153],
  [1536037860000, 1164],
  [1536037800000, 1034],
  [1536037740000, 1099],
  [1536037680000, 1188],
  [1536037620000, 1093],
  [1536037560000, 1059],
  [1536037500000, 945],
  [1536037440000, 1038],
  [1536037380000, 1003],
  [1536037320000, 1428],
  [1536037260000, 1134],
  [1536037200000, 882],
  [1536037140000, 1167],
  [1536037080000, 1166],
  [1536037020000, 1278],
  [1536036960000, 1197],
  [1536036900000, 1257],
  [1536036840000, 1203],
  [1536036780000, 1518],
  [1536036720000, 1282],
  [1536036660000, 1342],
  [1536036600000, 1109],
  [1536036540000, 1197],
  [1536036480000, 1298],
  [1536036420000, 1161],
  [1536036360000, 1034],
  [1536036300000, 1207],
  [1536036240000, 1090],
  [1536036180000, 1192],
  [1536036120000, 1404],
  [1536036060000, 1196],
  [1536036000000, 1126],
  [1536035940000, 1293],
  [1536035880000, 1247],
  [1536035820000, 2859],
  [1536035760000, 385],
  [1536035700000, 1341],
  [1536035640000, 1370],
  [1536035580000, 1241],
  [1536035520000, 1342],
  [1536035460000, 1174],
  [1536035400000, 1127],
  [1536035340000, 1255],
  [1536035280000, 1295],
  [1536035220000, 1449],
  [1536035160000, 1342],
  [1536035100000, 1535],
  [1536035040000, 1280],
  [1536034980000, 1257],
  [1536034920000, 1374],
  [1536034860000, 1189],
  [1536034800000, 1231],
  [1536034740000, 1190],
  [1536034680000, 1359],
  [1536034620000, 1071],
  [1536034560000, 970],
  [1536034500000, 1076],
  [1536034440000, 1218],
  [1536034380000, 1184],
  [1536034320000, 1122],
  [1536034260000, 1324],
  [1536034200000, 1083],
  [1536034140000, 1448],
  [1536034080000, 1201],
  [1536034020000, 1208],
  [1536033960000, 1321],
  [1536033900000, 1296],
  [1536033840000, 1475],
  [1536033780000, 1242],
  [1536033720000, 1420],
  [1536033660000, 1359],
  [1536033600000, 1358],
  [1536033540000, 1535],
  [1536033480000, 1156],
  [1536033420000, 1579],
  [1536033360000, 1259],
  [1536033300000, 1461],
  [1536033240000, 1163],
  [1536033180000, 1048],
  [1536033120000, 1300],
  [1536033060000, 1207],
  [1536033000000, 2973],
  [1536032940000, 0],
  [1536032880000, 1074],
  [1536032820000, 1382],
  [1536032760000, 2859],
  [1536032700000, 0],
  [1536032640000, 1362],
  [1536032580000, 1405],
  [1536032520000, 3201],
  [1536032460000, 9],
  [1536032400000, 784],
  [1536032340000, 1311],
  [1536032280000, 1362],
  [1536032220000, 1315],
  [1536032160000, 1354],
  [1536032100000, 1391],
  [1536032040000, 1237],
  [1536031980000, 1208],
  [1536031920000, 1380],
  [1536031860000, 1313],
  [1536031800000, 1440],
  [1536031740000, 1295],
  [1536031680000, 1597],
  [1536031620000, 1257],
  [1536031560000, 1528],
  [1536031500000, 1279],
  [1536031440000, 1462],
  [1536031380000, 1266],
  [1536031320000, 1384],
  [1536031260000, 1653],
  [1536031200000, 1529],
  [1536031140000, 1534],
  [1536031080000, 1543],
  [1536031020000, 1507],
  [1536030960000, 3125],
  [1536030900000, 128],
  [1536030840000, 3237],
  [1536030780000, 0],
  [1536030720000, 1148],
  [1536030660000, 1628],
  [1536030600000, 1660],
  [1536030540000, 1459],
  [1536030480000, 1605],
  [1536030420000, 1613],
  [1536030360000, 1407],
  [1536030300000, 1360],
  [1536030240000, 1586],
  [1536030180000, 1176],
  [1536030120000, 1510],
  [1536030060000, 1355],
  [1536030000000, 1661],
  [1536029940000, 1287],
  [1536029880000, 1260],
  [1536029820000, 1233],
  [1536029760000, 1297],
  [1536029700000, 1266],
  [1536029640000, 1328],
  [1536029580000, 1292],
  [1536029520000, 2956],
  [1536029460000, 0],
  [1536029400000, 1120],
  [1536029340000, 1277],
  [1536029280000, 2554],
  [1536029220000, 44],
  [1536029160000, 1417],
  [1536029100000, 1252],
  [1536029040000, 1362],
  [1536028980000, 1445]
];
var yanchi = [
  [1536046920000, 0.361],
  [1536046860000, 0.465],
  [1536046800000, 0.825],
  [1536046740000, 0.591],
  [1536046680000, 0.411],
  [1536046620000, 0.499],
  [1536046560000, 0.24],
  [1536046500000, 0.303],
  [1536046440000, 0.933],
  [1536046380000, 0.815],
  [1536046320000, 0.391],
  [1536046260000, 0.634],
  [1536046200000, 0.417],
  [1536046140000, 0.079],
  [1536046080000, 0.843],
  [1536046020000, 0.627],
  [1536045960000, 0.549],
  [1536045900000, 0.376],
  [1536045840000, 0.035],
  [1536045780000, 0.695],
  [1536045720000, 0.779],
  [1536045660000, 0.67],
  [1536045600000, 0.116],
  [1536045540000, 0.117],
  [1536045480000, 0.353],
  [1536045420000, 0.729],
  [1536045360000, 0.937],
  [1536045300000, 0.787],
  [1536045240000, 0.032],
  [1536045180000, 0.494],
  [1536045120000, 0.579],
  [1536045060000, 0.263],
  [1536045000000, 0.8],
  [1536044940000, 0.881],
  [1536044880000, 0.056],
  [1536044820000, 0.543],
  [1536044760000, 0.615],
  [1536044700000, 0.971],
  [1536044640000, 0.328],
  [1536044580000, 0.771],
  [1536044520000, 0.661],
  [1536044460000, 0.364],
  [1536044400000, 0.317],
  [1536044340000, 0.219],
  [1536044280000, 0.613],
  [1536044220000, 0.269],
  [1536044160000, 0.417],
  [1536044100000, 0.521],
  [1536044040000, 0.145],
  [1536043980000, 0.513],
  [1536043920000, 0.903],
  [1536043860000, 0.085],
  [1536043800000, 0.299],
  [1536043740000, 0.26],
  [1536043680000, 0.689],
  [1536043620000, 0.025],
  [1536043560000, 0.323],
  [1536043500000, 0.685],
  [1536043440000, 0.169],
  [1536043380000, 0.751],
  [1536043320000, 0.317],
  [1536043260000, 0.232],
  [1536043200000, 0.21],
  [1536043140000, 0.563],
  [1536043080000, 0.332],
  [1536043020000, 0.377],
  [1536042960000, 0.946],
  [1536042900000, 0.216],
  [1536042840000, 0.576],
  [1536042780000, 0.99],
  [1536042720000, 0.705],
  [1536042660000, 0.42],
  [1536042600000, 0.049],
  [1536042540000, 0.516],
  [1536042480000, 0.262],
  [1536042420000, 0.71],
  [1536042360000, 0.199],
  [1536042300000, 0.186],
  [1536042240000, 0.626],
  [1536042180000, 0.899],
  [1536042120000, 0.209],
  [1536042060000, 0.371],
  [1536042000000, 0.736],
  [1536041940000, 0.617],
  [1536041880000, 0.1],
  [1536041820000, 0.02],
  [1536041760000, 0.759],
  [1536041700000, 0.043],
  [1536041640000, 0.15],
  [1536041580000, 0.862],
  [1536041520000, 0.182],
  [1536041460000, 0.03],
  [1536041400000, 0.028],
  [1536041340000, 0.64],
  [1536041280000, 0.51],
  [1536041220000, 0.229],
  [1536041160000, 0.671],
  [1536041100000, 0.229],
  [1536041040000, 0.181],
  [1536040980000, 0.745],
  [1536040920000, 0.151],
  [1536040860000, 0.892],
  [1536040800000, 0.268],
  [1536040740000, 0.069],
  [1536040680000, 0.686],
  [1536040620000, 0.309],
  [1536040560000, 0.636],
  [1536040500000, 0.744],
  [1536040440000, 0.528],
  [1536040380000, 0.248],
  [1536040320000, 0.48],
  [1536040260000, 0.298],
  [1536040200000, 0.646],
  [1536040140000, 0.909],
  [1536040080000, 0.6],
  [1536040020000, 0.459],
  [1536039960000, 0.028],
  [1536039900000, 0.058],
  [1536039840000, 0.345],
  [1536039780000, 0.561],
  [1536039720000, 0.924],
  [1536039660000, 0.012],
  [1536039600000, 0.869],
  [1536039540000, 0.378],
  [1536039480000, 0.552],
  [1536039420000, 0.456],
  [1536039360000, 0.262],
  [1536039300000, 0.283],
  [1536039240000, 0.637],
  [1536039180000, 0.804],
  [1536039120000, 0.133],
  [1536039060000, 0.794],
  [1536039000000, 0.622],
  [1536038940000, 0.568],
  [1536038880000, 0.435],
  [1536038820000, 0.052],
  [1536038760000, 0.588],
  [1536038700000, 0.759],
  [1536038640000, 0.692],
  [1536038580000, 0.732],
  [1536038520000, 0.676],
  [1536038460000, 0.853],
  [1536038400000, 0.266],
  [1536038340000, 0.183],
  [1536038280000, 0.314],
  [1536038220000, 0.282],
  [1536038160000, 0.011],
  [1536038100000, 0.382],
  [1536038040000, 0.656],
  [1536037980000, 0.715],
  [1536037920000, 0.45],
  [1536037860000, 0.388],
  [1536037800000, 0.416],
  [1536037740000, 0.622],
  [1536037680000, 0.629],
  [1536037620000, 0.558],
  [1536037560000, 0.713],
  [1536037500000, 0.734],
  [1536037440000, 0.896],
  [1536037380000, 0.74],
  [1536037320000, 0.657],
  [1536037260000, 0.073],
  [1536037200000, 0.198],
  [1536037140000, 0.014],
  [1536037080000, 0.111],
  [1536037020000, 0.135],
  [1536036960000, 0.886],
  [1536036900000, 0.341],
  [1536036840000, 0.514],
  [1536036780000, 0.685],
  [1536036720000, 0.67],
  [1536036660000, 0.637],
  [1536036600000, 0.67],
  [1536036540000, 0.363],
  [1536036480000, 0.102],
  [1536036420000, 0.379],
  [1536036360000, 0.151],
  [1536036300000, 0.971],
  [1536036240000, 0.891],
  [1536036180000, 0.849],
  [1536036120000, 0.32],
  [1536036060000, 0.864],
  [1536036000000, 0.429],
  [1536035940000, 0.499],
  [1536035880000, 0.016],
  [1536035820000, 0.361],
  [1536035760000, 0.143],
  [1536035700000, 0.742],
  [1536035640000, 0.611],
  [1536035580000, 0.451],
  [1536035520000, 0.667],
  [1536035460000, 0.661],
  [1536035400000, 0.525],
  [1536035340000, 0.378],
  [1536035280000, 0.38],
  [1536035220000, 0.765],
  [1536035160000, 0.241],
  [1536035100000, 0.855],
  [1536035040000, 0.552],
  [1536034980000, 0.915],
  [1536034920000, 0.535],
  [1536034860000, 0.783],
  [1536034800000, 0.196],
  [1536034740000, 0.003],
  [1536034680000, 0.96],
  [1536034620000, 0.334],
  [1536034560000, 0.735],
  [1536034500000, 0.762],
  [1536034440000, 0.556],
  [1536034380000, 0.176],
  [1536034320000, 0.78],
  [1536034260000, 0.356],
  [1536034200000, 0.406],
  [1536034140000, 0.447],
  [1536034080000, 0.599],
  [1536034020000, 0.034],
  [1536033960000, 0.928],
  [1536033900000, 0.784],
  [1536033840000, 0.392],
  [1536033780000, 0.164],
  [1536033720000, 0.724],
  [1536033660000, 0.362],
  [1536033600000, 0.078],
  [1536033540000, 0.466],
  [1536033480000, 0.404],
  [1536033420000, 0.436],
  [1536033360000, 0.118],
  [1536033300000, 0.077],
  [1536033240000, 0.044],
  [1536033180000, 0.3],
  [1536033120000, 0.854],
  [1536033060000, 0.384],
  [1536033000000, 0.85],
  [1536032940000, 0.953],
  [1536032880000, 0.924],
  [1536032820000, 0.232],
  [1536032760000, 0.143],
  [1536032700000, 0.996],
  [1536032640000, 0.595],
  [1536032580000, 0.186],
  [1536032520000, 0.019],
  [1536032460000, 0.451],
  [1536032400000, 0.29],
  [1536032340000, 0.024],
  [1536032280000, 0.884],
  [1536032220000, 0.274],
  [1536032160000, 0.106],
  [1536032100000, 0.542],
  [1536032040000, 0.613],
  [1536031980000, 0.28],
  [1536031920000, 0.929],
  [1536031860000, 0.027],
  [1536031800000, 0.261],
  [1536031740000, 0.107],
  [1536031680000, 0.56],
  [1536031620000, 0.493],
  [1536031560000, 0.08],
  [1536031500000, 0.609],
  [1536031440000, 0.374],
  [1536031380000, 0.87],
  [1536031320000, 0.125],
  [1536031260000, 0.777],
  [1536031200000, 0.192],
  [1536031140000, 0.862],
  [1536031080000, 0.852],
  [1536031020000, 0.875],
  [1536030960000, 0.434],
  [1536030900000, 0.115],
  [1536030840000, 0.934],
  [1536030780000, 0.988],
  [1536030720000, 0.097],
  [1536030660000, 0.674],
  [1536030600000, 0.999],
  [1536030540000, 0.593],
  [1536030480000, 0.815],
  [1536030420000, 0.437],
  [1536030360000, 0.096],
  [1536030300000, 0.064],
  [1536030240000, 0.039],
  [1536030180000, 0.481],
  [1536030120000, 0.48],
  [1536030060000, 0.274],
  [1536030000000, 0.398],
  [1536029940000, 0.653],
  [1536029880000, 0.752],
  [1536029820000, 0.569],
  [1536029760000, 0.401],
  [1536029700000, 0.805],
  [1536029640000, 0.468],
  [1536029580000, 0.415],
  [1536029520000, 0.964],
  [1536029460000, 0.417],
  [1536029400000, 0.073],
  [1536029340000, 0.993],
  [1536029280000, 0.684],
  [1536029220000, 0.088],
  [1536029160000, 0.451],
  [1536029100000, 0.83],
  [1536029040000, 0.377],
  [1536028980000, 0.608]
];
var colors = ['#57617B', '#57617B', '#57617B', 'black'];

Date.prototype.Format = function(fmt) {
  var o = {
    "M+": this.getMonth() + 1, //月份     
    "d+": this.getDate(), //日     
    "H+": this.getHours(), //小时     
    "m+": this.getMinutes(), //分     
    "s+": this.getSeconds(), //秒     
    "q+": Math.floor((this.getMonth() + 3) / 3), //季度     
    "S": this.getMilliseconds() //毫秒     
  };
  if (/(y+)/.test(fmt)) fmt = fmt.replace(RegExp.$1, (this.getFullYear() + "").substr(4 - RegExp.$1.length));
  for (var k in o)
    if (new RegExp("(" + k + ")").test(fmt)) fmt = fmt.replace(RegExp.$1, (RegExp.$1.length == 1) ? (o[k]) : (("00" + o[k]).substr(("" + o[k]).length)));
  return fmt;
}

var option = {
  tooltip: {
    trigger: 'axis',
    axisPointer: {
      animation: false
    },
    formatter: function(params) {
      var date = new Date(params[0].axisValue).Format("yyyy-MM-dd HH:mm:ss");
      var html = date;
      var longTime = params[0].axisValue;
      $.each(params, function(i, value) {
        html += "</br>" + value.marker + value.seriesName + " : " + value.value[1] + " 条";
      });
      return html;
    }
  },
  legend: {
    itemWidth: 14,
    itemHeight: 5,
    itemGap: 13,
    data: ['生产数', '消费数', '延迟'],
    right: '40%'
  },
  axisPointer: {
    link: {
      xAxisIndex: 'all'
    }
  },
  grid: [{
    top: 10,
    left: 50,
    right: 20,
    height: '95%'
  }],
  xAxis: [{
    type: 'time',
    splitNumber: 10,
    splitLine: {
      show: false
    },
    axisLabel: {
      formatter: function(value, index) {
        var date = new Date(value).Format("yyyy-MM-dd HH:mm:ss");
        return date.replace(" ", "\r\n");
      }
    }
  }],
  yAxis: [{
    type: 'value',
    splitNumber: 3,
    splitLine: {
      show: false
    },
    minInterval: 1
  }, {
    type: 'value',
    splitNumber: 3,
    splitLine: {
      show: false
    },
    max: 5,
    minInterval: 1
  }],
  series: [{
    name: '生产数',
    type: 'line',
    showSymbol: false,
    hoverAnimation: false,
    data: productCountList,
    lineStyle: {
      normal: {
        width: 1
      }
    },
    itemStyle: {
      normal: {

        color: 'rgb(219,50,51)',
        borderColor: 'rgba(219,50,51,0.2)',
        borderWidth: 12
      }
    },
  }, {
    name: '消费数',
    type: 'line',
    showSymbol: false,
    hoverAnimation: false,
    data: consumeCountList,
    lineStyle: {
      normal: {
        width: 1
      }
    },
    itemStyle: {
      normal: {
        color: 'rgb(0,136,212)',
        borderColor: 'rgba(0,136,212,0.2)',
        borderWidth: 12

      }
    }
  }, {
    name: '延迟',
    type: 'line',
    showSymbol: false,
    hoverAnimation: false,
    yAxisIndex: 1,
    data: yanchi,
    lineStyle: {
      normal: {
        width: 1
      }
    },
    areaStyle: {
      normal: {
        color: new echarts.graphic.LinearGradient(0, 0, 0, 1, [{
          offset: 0,
          color: 'rgba(137, 189, 27, 0.3)'
        }, {
          offset: 0.8,
          color: 'rgba(137, 189, 27, 0)'
        }], false),
        shadowColor: 'rgba(0, 0, 0, 0.1)',
        shadowBlur: 10
      }
    },
    itemStyle: {
      normal: {
        color: 'rgb(137,189,27)',
        borderColor: 'rgba(137,189,2,0.27)',
        borderWidth: 12

      }
    }
  }]
};