var symbolData = [
  [79.97, 79.58, 79.33, 80.91],
  [78.94, 78.13, 77.65, 79.18],
  [79.13, 77.5, 76.83, 79.14],
  [77.31, 77.86, 76.9, 78.25],
  [77.27, 77.5, 76.08, 77.66],
  [78.32, 79.2, 78.32, 80.89],
  [79.17, 78.48, 78.08, 79.52],
  [78.25, 77.64, 77.34, 78.72],
  [77.8, 76.78, 76.35, 78.25],
  [76.92, 77.8, 76.77, 78.4],
  [77.34, 71.23, 70.07, 77.88],
  [71.21, 69.2, 67.69, 71.42],
  [69.22, 67.14, 66.14, 69.83],
  [66.8, 66.73, 64.26, 67.07],
  [66.11, 66.77, 65.62, 67.44],
  [66.77, 66.14, 65.52, 67.01],
  [66.42, 67.51, 65.96, 67.89],
  [67.39, 66.47, 66.41, 67.79],
  [66.01, 66.69, 64.66, 67.04],
  [66.61, 67.1, 66.01, 67.17],
  [67.6, 67.02, 66.99, 68.94],
  [66.45, 66.76, 66.41, 68.04],
  [66.01, 67.07, 65.91, 67.49],
  [67.29, 71.74, 66.32, 73.43],
  [70.86, 71.24, 70.55, 72.52],
  [71.36, 70.33, 70.06, 71.81],
  [70.06, 69.29, 68.67, 70.3],
  [69.18, 69.66, 68.97, 70.07],
  [69.81, 69.1, 68.97, 70.93],
  [68.87, 68.77, 68.36, 69.62],
  [68.82, 68.92, 68.33, 69.31],
  [68.18, 67.51, 66.9, 68.23],
  [68.06, 67.58, 67.44, 69.07],
  [67.3, 67.13, 66.31, 67.77],
  [67.38, 67.28, 67.1, 67.89],
  [67.1, 67.55, 66.62, 67.77],
  [67.39, 66.82, 66.8, 67.89],
  [66.48, 66.83, 66.28, 67.47],
  [66.66, 66.95, 66.66, 67.51],
  [67.1, 66.26, 66.22, 67.69],
  [65.86, 66.18, 65.69, 66.66],
  [66.26, 64.56, 64.56, 66.28],
  [63.15, 61.1, 60.87, 63.42],
  [61.62, 61.29, 61.22, 62.06],
  [61.08, 62.92, 60.48, 65.3],
  [62.36, 63.82, 62.36, 64.61],
  [63.83, 62.95, 62.72, 64.04],
  [63.2, 63.28, 62.8, 63.62],
  [63.73, 62.87, 62.76, 63.94],
  [62.85, 61.7, 61.64, 63.13],
  [61.7, 60.71, 60.68, 62.06],
  [60.58, 61.84, 60.58, 61.91],
  [62.13, 61.37, 61.3, 62.13],
  [61.65, 61.48, 61.4, 62.3],
  [61.17, 62.69, 61.17, 62.99],
  [62.96, 65.6, 62.66, 67.07],
  [65.42, 65, 64.34, 65.42],
  [64.53, 64.89, 64.34, 65.57],
  [65.35, 65.05, 64.28, 65.4],
  [64.35, 64.23, 63.61, 64.63],
  [65.02, 64.45, 64.31, 65.91],
  [64.22, 66.58, 64.22, 67.59],
  [66.62, 66.53, 65.62, 66.76],
  [66.16, 66.18, 65.69, 66.7],
  [65.67, 65.77, 65.3, 66.78],
  [65.67, 68.08, 65.02, 69.27],
  [67.4, 67.57, 67.27, 68.76],
  [67.98, 67.68, 67.14, 69.07],
  [67.78, 68.96, 67.77, 70.27],
  [70, 70.97, 70, 74.16],
  [70.16, 70.4, 69.25, 71.51],
  [70.74, 72.33, 70.07, 73.39],
  [71.97, 71.76, 71.54, 72.81],
  [71.14, 72.13, 70.55, 73.81],
  [72.03, 69.96, 69.56, 72.39],
  [69.98, 69.07, 68.89, 70.7],
  [69.56, 69.62, 68.99, 70.6],
  [70.25, 68.58, 67.79, 70.25],
  [69.56, 70.66, 69.02, 71.08],
  [70.66, 72.01, 69.71, 72.03],
  [72.13, 72.08, 72.03, 74.52],
  [71.88, 72.21, 71.06, 72.94],
  [72.33, 72.08, 72.03, 74.2],
  [71.54, 70.5, 70.07, 71.79],
  [70.51, 70.25, 69.94, 70.99],
  [70.11, 70.26, 69.77, 71.01],
  [70.15, 72.24, 69.76, 72.62],
  [72.13, 71.63, 71.24, 73],
  [71.19, 70.89, 70.65, 71.98],
  [70.4, 71.02, 69.41, 71.19],
  [73.06, 72.01, 71.54, 74.58],
  [71.12, 72.72, 71.03, 73.51],
  [72.42, 77.62, 72.01, 79.99],
  [76.2, 77.62, 75.78, 77.63],
  [77.11, 76.96, 76.46, 79.87],
  [75.86, 77.25, 75.24, 79.79],
  [77.25, 74.18, 74, 77.82],
  [74.32, 73.99, 72.72, 74.79],
  [73.62, 73.04, 72.82, 74.29],
  [73, 72.6, 72.52, 73.89],
  [72.14, 67.44, 67.19, 72.37],
  [67.33, 67.89, 65.61, 68.72],
  [67.69, 67.89, 67.19, 69.02],
  [67.67, 68.56, 67.27, 69.17],
  [68.41, 70.52, 68.12, 72.23],
  [69.94, 69.01, 68.39, 69.96],
  [68.8, 68.47, 67.99, 70.01],
  [69.17, 68.89, 68.38, 69.94],
  [68.8, 68.38, 67.75, 69.05],
  [68.26, 66.11, 65.77, 68.57],
  [66.16, 67.56, 65.13, 67.65],
  [67.49, 67.59, 66.88, 68.32],
  [67.19, 67.62, 67.17, 67.88],
  [68.17, 68.81, 67.44, 69.43],
  [68.81, 67.86, 67.59, 69.39],
  [68.33, 69.42, 68.29, 70.5],
  [69.09, 71.58, 69.07, 72.13],
  [71.58, 71.04, 70.49, 71.83],
  [71.04, 70.33, 69.66, 71.24],
  [70.46, 71.03, 69.91, 71.78],
  [70.75, 71.01, 70.13, 72.33],
  [70.6, 69.87, 69.76, 71.44],
  [70.02, 67.85, 67.82, 70.19],
  [67.86, 66.29, 65.88, 68],
  [66.11, 65.56, 64.14, 67.5],
  [65.02, 67.57, 64.98, 68.13],
  [66.8, 67.02, 66.72, 67.84],
  [67.09, 67.7, 66.29, 68.12],
  [67.73, 68.63, 66.98, 69.36],
  [68.63, 68.88, 68.18, 69.18],
  [68.49, 67.96, 67.57, 68.95],
  [67.89, 68.85, 67.59, 69.02],
  [69.07, 71.42, 68.88, 71.91],
  [71.04, 70.11, 69.81, 71.34],
  [70.06, 71.69, 70.04, 72.03],
  [71.29, 71.03, 70.07, 71.83],
  [71.03, 72.23, 70.4, 72.42],
  [72, 71.7, 71.42, 72.3],
  [68.08, 68.1, 67.11, 69.19],
  [68.13, 67.93, 65.72, 69.74],
  [67.59, 66.57, 66.21, 67.59],
  [66.6, 66.75, 66.52, 67.52],
  [66.6, 67.23, 66.55, 67.23],
  [67.2, 67.26, 67, 68.35],
  [66.9, 67.1, 65.32, 67.1],
  [66.9, 67.79, 66.7, 68.27],
  [67.75, 67.73, 66.98, 68.14],
  [67.84, 67.53, 67.02, 67.95],
  [67.68, 67.86, 67.49, 68.58],
  [68.32, 67.83, 67.17, 68.63],
  [67.59, 67.89, 67.59, 68.24],
  [67.94, 67.65, 67.59, 68.32],
  [67.67, 66.79, 66.68, 67.96],
  [66.7, 66.99, 66.11, 67.17],
  [67, 67.34, 66.93, 67.74],
  [67.44, 67.59, 66.8, 67.75],
  [67.58, 67.02, 66.82, 67.74],
  [67.29, 66.62, 66.5, 67.29],
  [66.68, 66.56, 66.39, 66.97],
  [66.79, 67.34, 65.82, 67.59],
  [67.59, 67, 66.93, 67.67],
  [67.1, 67.1, 66.68, 67.6],
  [67.11, 67.66, 67.09, 67.88],
  [67.83, 68.05, 67.58, 70.59],
  [68.03, 67.89, 67.4, 68.53],
  [67.93, 67.66, 67.33, 68.14],
  [67.15, 67.15, 66.84, 67.44],
  [67.45, 67.1, 66.52, 67.58],
  [67.05, 67.35, 66.6, 67.58],
  [67.2, 66.82, 66.73, 67.29],
  [66.85, 66.86, 66.68, 67.14],
  [66.88, 66.02, 66.01, 67.1],
  [66.02, 64.61, 64.4, 66.5],
  [64.8, 63.36, 62.95, 65.29],
  [63.4, 64.73, 63.38, 65],
  [64.57, 64.03, 63.85, 64.85],
  [64.01, 63.63, 63.52, 64.05],
  [63.64, 61.94, 61.6, 63.89],
  [61.88, 62.3, 61.82, 62.8],
  [62.3, 62.8, 61.6, 63.26],
  [62.5, 63.14, 62.3, 63.2],
  [63.14, 62.01, 61.61, 63.18],
  [61.76, 61.87, 61.3, 62.37],
  [61.8, 61.98, 61.76, 62.38],
  [61.62, 60.3, 59.83, 62.21],
  [60.29, 60.2, 59.71, 61.28],
  [60.22, 58.8, 58.72, 60.3],
  [58.82, 56.8, 55.99, 58.82],
  [56.21, 56.5, 56.21, 58.17],
  [56.38, 56.99, 56.2, 57.56],
  [56.88, 57.46, 54.97, 58.18],
  [57.3, 56.64, 56.5, 57.3],
  [56.16, 56, 55.83, 56.64],
  [56.04, 57.25, 56, 57.96],
  [56.8, 57.05, 56.35, 57.88],
  [56.59, 57.36, 56.5, 57.85],
  [57.02, 59.47, 57.02, 61.06],
  [58.99, 60.06, 58.12, 60.49],
  [59.73, 58.85, 58.85, 60.52],
  [58.66, 59.78, 57.89, 60],
  [59.59, 60.27, 58.81, 60.28],
  [60.24, 59.9, 58.98, 60.95],
  [59.8, 60.18, 59.3, 60.18],
  [60.17, 61.57, 59.6, 64.37],
  [60.6, 60.8, 60.5, 62.1],
  [60.8, 60.25, 60.18, 61.7],
  [60.3, 60.11, 59.68, 61.6],
  [60.11, 60.41, 59.3, 61.02],
  [60.48, 60.95, 59.11, 61.1],
  [60.9, 62.38, 60.5, 63.1],
  [62.12, 62.41, 61.7, 63.12],
  [63.15, 63.45, 62.01, 64.64],
  [63.06, 62.08, 61.37, 63.4],
  [61.67, 63.8, 61.67, 64.5],
  [63.81, 63.18, 63, 65.56],
  [63.26, 63.39, 62.16, 63.5],
  [63.4, 63.89, 63.12, 64.48],
  [63.74, 63.22, 62.88, 64.29],
  [63.5, 62.22, 62.02, 63.5],
  [61.69, 59.71, 59.2, 61.95],
  [59.56, 59.98, 59.37, 60.56],
  [59.95, 58.81, 58.45, 60],
  [58.79, 61.93, 58.52, 62.48],
  [61.62, 60.64, 60.2, 61.94],
  [60, 61.19, 60, 61.5],
  [61.17, 62.06, 61.13, 62.7],
  [63.2, 62.14, 61.7, 63.2],
  [62.3, 60.97, 60.9, 62.66],
  [60.8, 60.71, 59.4, 60.88],
  [60.38, 61.77, 60.25, 61.99],
  [61.8, 61.8, 61.57, 62.62],
  [61.6, 60.15, 60.01, 61.6],
  [60.15, 62.28, 60.07, 63.1],
  [61.86, 61.47, 60.71, 62.25]
];

var lowerData = [74.27, 74.59, 74.74, 75.05, 75.21, 75.3, 75.62, 76.05, 76.04, 75.92, 74.02, 71.97, 69.78, 68.04, 66.59, 65.26, 64.35, 63.38, 62.52, 61.96, 61.53, 61.09, 60.76, 60.93, 61.11, 61.58, 62.07, 62.66, 63.31, 64.78, 64.91, 64.85, 64.89, 64.94, 65, 65.19, 65.11, 65.17, 65.2, 65.08, 64.95, 64.52, 63.11, 62.17, 61.78, 61.57, 61.2, 61, 60.77, 60.38, 59.92, 59.65, 59.38, 59.16, 59.17, 59.34, 59.46, 59.61, 59.79, 59.93, 60.09, 59.88, 59.99, 60.2, 60.25, 60.02, 60.01, 60.01, 59.99, 59.98, 60.46, 60.58, 61.09, 61.73, 62.41, 62.65, 63, 63.4, 63.82, 64.42, 65.11, 65.42, 65.82, 66.4, 67.21, 67.49, 67.94, 68.49, 68.76, 68.76, 68.81, 68.78, 67.71, 67.09, 66.96, 67.07, 67.41, 68, 68.23, 68.27, 67.46, 66.83, 66.27, 65.99, 66.02, 65.86, 65.46, 65.18, 64.89, 64.21, 63.79, 63.39, 63.37, 63.67, 63.96, 64.75, 65.06, 65.44, 65.74, 65.98, 66.07, 66.19, 66.18, 65.83, 65.34, 65.23, 65.09, 65.01, 65.02, 65.34, 65.38, 65.48, 65.52, 65.55, 65.59, 65.58, 65.52, 65.49, 65.37, 65.27, 65.01, 64.78, 64.71, 64.85, 65.13, 65.15, 65.25, 65.23, 65.16, 65.09, 65.08, 64.99, 64.9, 64.78, 64.91, 65.05, 65.57, 66.45, 66.37, 66.39, 66.46, 66.51, 66.51, 66.5, 66.52, 66.52, 66.5, 66.47, 66.48, 66.43, 66.41, 66.2, 65.58, 64.69, 64.39, 63.97, 63.52, 62.69, 62.11, 61.7, 61.41, 60.95, 60.57, 60.33, 59.82, 59.39, 58.71, 57.67, 56.82, 56.23, 55.91, 55.47, 54.89, 54.56, 54.4, 54.31, 54.44, 54.48, 54.52, 54.68, 54.95, 55.09, 55.24, 55.3, 55.27, 55.26, 55.26, 55.48, 55.76, 55.88, 55.99, 56.22, 56.89, 57.16, 57.69, 58.24, 58.34, 58.47, 58.88, 58.87, 58.82, 58.6, 58.76, 58.68, 58.71, 58.88, 59.08, 59.16, 59.13, 59.1, 59.08, 58.93, 58.93, 58.99];
var upperData = [82.77, 82.69, 82.65, 82.55, 82.5, 82.54, 82.45, 82.22, 82.23, 82.22, 83.3, 84.23, 85.32, 85.45, 85.42, 85.2, 84.86, 84.51, 84.27, 83.58, 82.76, 82.07, 81.35, 80.57, 79.76, 78.41, 76.99, 75.6, 74.19, 71.82, 71.46, 71.35, 71.35, 71.34, 71.33, 71.28, 71.29, 71.27, 71.26, 71.3, 71.35, 71.55, 72.37, 72.26, 71.82, 71.38, 71.12, 70.68, 70.29, 69.97, 69.61, 69.31, 68.96, 68.62, 68.14, 67.78, 67.48, 67.14, 66.77, 66.42, 66.09, 66.51, 66.93, 67.22, 67.45, 68.11, 68.58, 69.02, 69.65, 70.58, 71.08, 72, 72.53, 72.96, 73, 73.11, 73.22, 73.19, 73.34, 73.51, 73.58, 73.84, 73.99, 73.84, 73.48, 73.41, 73.43, 73.28, 73.21, 73.21, 73.32, 73.39, 75.04, 76.21, 77.04, 77.75, 77.87, 77.82, 77.83, 77.84, 78.19, 78.39, 78.54, 78.61, 78.61, 78.65, 78.68, 78.68, 78.72, 78.9, 78.88, 78.76, 77.78, 76.6, 75.4, 73.84, 73.27, 72.59, 72.02, 71.62, 71.89, 71.97, 71.97, 72.09, 72.09, 72.05, 72.05, 72.01, 72.02, 71.98, 71.98, 72, 72.35, 72.45, 72.79, 72.96, 73.08, 73.19, 73.08, 72.87, 72.69, 72.61, 72.61, 72.56, 72.44, 72.44, 72.42, 72.42, 72.41, 72.38, 72.38, 72.35, 71.98, 71.79, 71.22, 70.74, 69.69, 68.31, 68.23, 68.16, 68.13, 68.11, 68.15, 68.24, 68.3, 68.29, 68.25, 68.23, 68.18, 68.12, 68.04, 68.09, 68.49, 69.02, 69.06, 69.12, 69.24, 69.59, 69.75, 69.7, 69.61, 69.56, 69.36, 69, 68.75, 68.43, 68.28, 68.29, 68.05, 67.66, 67.04, 66.54, 66.26, 65.98, 65.37, 64.79, 64.24, 64.01, 63.63, 63.17, 62.62, 62.26, 61.94, 61.84, 61.93, 61.94, 62.06, 62.21, 62.37, 62.8, 63.18, 63.63, 63.57, 63.95, 64.04, 64.08, 64.43, 64.62, 64.54, 64.55, 64.56, 64.68, 64.69, 64.68, 64.69, 64.7, 64.7, 64.68, 64.69, 64.65, 64.61, 64.44, 64.45, 64.16];
var middleData = [78.52, 78.64, 78.7, 78.8, 78.85, 78.92, 79.03, 79.14, 79.14, 79.07, 78.66, 78.1, 77.55, 76.75, 76, 75.23, 74.6, 73.95, 73.4, 72.77, 72.14, 71.58, 71.05, 70.75, 70.44, 69.99, 69.53, 69.13, 68.75, 68.3, 68.18, 68.1, 68.12, 68.14, 68.17, 68.24, 68.2, 68.22, 68.23, 68.19, 68.15, 68.04, 67.74, 67.22, 66.8, 66.48, 66.16, 65.84, 65.53, 65.17, 64.76, 64.48, 64.17, 63.89, 63.66, 63.56, 63.47, 63.37, 63.28, 63.18, 63.09, 63.19, 63.46, 63.71, 63.85, 64.06, 64.29, 64.51, 64.82, 65.28, 65.77, 66.29, 66.81, 67.34, 67.71, 67.88, 68.11, 68.3, 68.58, 68.96, 69.35, 69.63, 69.9, 70.12, 70.34, 70.45, 70.69, 70.88, 70.98, 70.98, 71.06, 71.08, 71.38, 71.65, 72, 72.41, 72.64, 72.91, 73.03, 73.06, 72.83, 72.61, 72.4, 72.3, 72.32, 72.25, 72.07, 71.93, 71.8, 71.56, 71.34, 71.08, 70.58, 70.14, 69.68, 69.29, 69.16, 69.01, 68.88, 68.8, 68.98, 69.08, 69.08, 68.96, 68.71, 68.64, 68.57, 68.51, 68.52, 68.66, 68.68, 68.74, 68.93, 69, 69.19, 69.27, 69.3, 69.34, 69.22, 69.07, 68.85, 68.69, 68.66, 68.71, 68.79, 68.8, 68.83, 68.82, 68.79, 68.73, 68.73, 68.67, 68.44, 68.28, 68.06, 67.89, 67.63, 67.38, 67.3, 67.27, 67.29, 67.31, 67.33, 67.37, 67.41, 67.4, 67.38, 67.35, 67.33, 67.28, 67.23, 67.15, 67.04, 66.86, 66.72, 66.55, 66.38, 66.14, 65.93, 65.7, 65.51, 65.26, 64.97, 64.66, 64.28, 63.91, 63.49, 62.98, 62.43, 61.94, 61.47, 61, 60.57, 60.27, 59.88, 59.55, 59.34, 59.25, 59.08, 58.93, 58.78, 58.68, 58.59, 58.57, 58.6, 58.6, 58.66, 58.84, 59.07, 59.34, 59.58, 59.93, 60.23, 60.56, 60.86, 61.16, 61.39, 61.54, 61.71, 61.71, 61.69, 61.64, 61.73, 61.68, 61.7, 61.79, 61.89, 61.92, 61.91, 61.88, 61.85, 61.68, 61.69, 61.58];



option = {
  "series": [{
      "name": "SYMBOL",
      "data": symbolData,
      "type": "candlestick"
    },
    { // fake symbol series on the right yAxis
      "name": "SYMBOL",
      encode: {
        x: 0,
        y: [1, 2, 3, 4]
      },
      symbol: 'none',
      yAxisIndex: 1,
      tooltip: {
        show: false
      },
      "data": echarts.util.map(symbolData, function(entry, index) {
        return [index, entry[0], entry[1], entry[2], entry[3]];
      }),
      "type": "scatter"
    },

    {
      "smooth": true,
      "lineStyle": {
        "normal": {
          "opacity": 0.5
        }
      },
      "name": "LOWER",
      "data": lowerData,
      "type": "line"
    },
    { // fake lower series on the right yAxis
      symbol: 'none',
      "name": "LOWER",
      yAxisIndex: 1,
      tooltip: {
        show: false
      },
      "data": lowerData,
      "type": "scatter"
    },

    {
      "smooth": true,
      "lineStyle": {
        "normal": {
          "opacity": 0.5
        }
      },
      "name": "UPPER",
      "data": upperData,
      "type": "line"
    },
    { // fake upper series on the right yAxis
      symbol: 'none',
      "name": "UPPER",
      yAxisIndex: 1,
      tooltip: {
        show: false
      },
      "data": upperData,
      "type": "scatter"
    },

    {
      "smooth": true,
      "lineStyle": {
        "normal": {
          "opacity": 0.5
        }
      },
      "name": "MIDDLE",
      "data": middleData,
      "type": "line"
    },
    { // fake middle series on the right yAxis
      symbol: 'none',
      "name": "MIDDLE",
      yAxisIndex: 1,
      tooltip: {
        show: false
      },
      "data": middleData,
      "type": "scatter"
    }
  ],
  "legend": {
    "right": "20",
    "data": ["SYMBOL", "LOWER", "UPPER", "MIDDLE"]
  },
  "tooltip": {
    "trigger": "axis",
    "position": [50, -10],
    "backgroundColor": "transparent",
    "alwaysShowContent": true,
    "textStyle": {
      "color": "#2f4554"
    },
    "axisPointer": {
      "type": "cross",
      "snap": true
    }
  },
  "grid": [{
    "height": 430,
    "left": 50,
    "right": 50,
    "top": 30
  }],
  "xAxis": [{
    "type": "category",
    "boundaryGap": false,
    "max": "dataMax",
    "min": "dataMin",
    "splitNumber": 20,
    "scale": true,
    "axisLabel": {
      "textStyle": {
        "color": "#999"
      }
    },
    "axisLine": {
      "lineStyle": {
        "color": "#ddd"
      }
    },
    "splitLine": {
      "lineStyle": {
        "color": "#eee"
      }
    },
    "axisPointer": {
      "label": {
        "backgroundColor": "#2f4554"
      }
    },
    "data": ["2016-07-13", "2016-07-14", "2016-07-15", "2016-07-18", "2016-07-19", "2016-07-20", "2016-07-21", "2016-07-22", "2016-07-25", "2016-07-26", "2016-07-27", "2016-07-28", "2016-07-29", "2016-08-01", "2016-08-02", "2016-08-03", "2016-08-04", "2016-08-05", "2016-08-08", "2016-08-09", "2016-08-10", "2016-08-11", "2016-08-12", "2016-08-15", "2016-08-16", "2016-08-17", "2016-08-18", "2016-08-19", "2016-08-22", "2016-08-23", "2016-08-24", "2016-08-25", "2016-08-26", "2016-08-29", "2016-08-30", "2016-08-31", "2016-09-01", "2016-09-02", "2016-09-05", "2016-09-07", "2016-09-08", "2016-09-09", "2016-09-12", "2016-09-13", "2016-09-14", "2016-09-19", "2016-09-20", "2016-09-21", "2016-09-22", "2016-09-23", "2016-09-26", "2016-09-27", "2016-09-28", "2016-09-29", "2016-09-30", "2016-10-10", "2016-10-11", "2016-10-12", "2016-10-13", "2016-10-14", "2016-10-17", "2016-10-18", "2016-10-19", "2016-10-20", "2016-10-21", "2016-10-24", "2016-10-25", "2016-10-26", "2016-10-27", "2016-10-28", "2016-10-31", "2016-11-01", "2016-11-02", "2016-11-03", "2016-11-04", "2016-11-07", "2016-11-08", "2016-11-09", "2016-11-10", "2016-11-11", "2016-11-14", "2016-11-15", "2016-11-16", "2016-11-17", "2016-11-18", "2016-11-21", "2016-11-22", "2016-11-23", "2016-11-24", "2016-11-25", "2016-11-28", "2016-11-29", "2016-11-30", "2016-12-01", "2016-12-02", "2016-12-05", "2016-12-06", "2016-12-07", "2016-12-08", "2016-12-09", "2016-12-12", "2016-12-13", "2016-12-14", "2016-12-15", "2016-12-16", "2016-12-19", "2016-12-20", "2016-12-21", "2016-12-22", "2016-12-23", "2016-12-26", "2016-12-27", "2016-12-28", "2016-12-29", "2016-12-30", "2017-01-03", "2017-01-04", "2017-01-05", "2017-01-06", "2017-01-09", "2017-01-10", "2017-01-11", "2017-01-12", "2017-01-13", "2017-01-16", "2017-01-17", "2017-01-18", "2017-01-19", "2017-01-20", "2017-01-23", "2017-01-24", "2017-01-25", "2017-01-26", "2017-02-03", "2017-02-06", "2017-02-07", "2017-02-08", "2017-02-09", "2017-02-10", "2017-02-13", "2017-02-14", "2017-02-15", "2017-02-16", "2017-02-17", "2017-02-20", "2017-02-21", "2017-02-22", "2017-02-23", "2017-02-24", "2017-02-27", "2017-02-28", "2017-03-01", "2017-03-02", "2017-03-03", "2017-03-06", "2017-03-07", "2017-03-08", "2017-03-09", "2017-03-10", "2017-03-13", "2017-03-14", "2017-03-15", "2017-03-16", "2017-03-17", "2017-03-20", "2017-03-21", "2017-03-22", "2017-03-23", "2017-03-24", "2017-03-27", "2017-03-28", "2017-03-29", "2017-03-30", "2017-03-31", "2017-04-05", "2017-04-06", "2017-04-07", "2017-04-10", "2017-04-11", "2017-04-12", "2017-04-13", "2017-04-14", "2017-04-17", "2017-04-18", "2017-04-19", "2017-04-20", "2017-04-21", "2017-04-24", "2017-04-25", "2017-04-26", "2017-04-27", "2017-04-28", "2017-05-02", "2017-05-03", "2017-05-04", "2017-05-05", "2017-05-08", "2017-05-09", "2017-05-10", "2017-05-11", "2017-05-12", "2017-05-15", "2017-05-16", "2017-05-17", "2017-05-18", "2017-05-19", "2017-05-22", "2017-05-23", "2017-05-24", "2017-05-25", "2017-05-26", "2017-05-31", "2017-06-01", "2017-06-02", "2017-06-05", "2017-06-06", "2017-06-07", "2017-06-08", "2017-06-09", "2017-06-12", "2017-06-13", "2017-06-14", "2017-06-15", "2017-06-16", "2017-06-19", "2017-06-20", "2017-06-21", "2017-06-22", "2017-06-23", "2017-06-26", "2017-06-27", "2017-06-28", "2017-06-29", "2017-06-30"]
  }],
  "yAxis": [{
    "scale": true,
    "splitArea": {
      "show": false
    },
    "axisLabel": {
      "textStyle": {
        "color": "#999"
      }
    },
    "axisLine": {
      "lineStyle": {
        "color": "#ddd"
      }
    },
    "axisPointer": {
      "label": {
        "backgroundColor": "#2f4554"
      }
    }
  }, {
    "scale": true,
    "splitArea": {
      "show": false
    },
    "axisLabel": {
      "textStyle": {
        "color": "#999"
      }
    },
    "axisLine": {
      "lineStyle": {
        "color": "#ddd"
      }
    },
    "axisPointer": {
      "label": {
        "backgroundColor": "#2f4554"
      }
    }
  }]
}