 let mapdata = {
   "type": "FeatureCollection",
   "features": [{
       "type": "Feature",
       "geometry": {
         "type": "Polygon",
         "coordinates": [
           [
             [290.77392578125, -273.635009765625],
             [318.89227294921875, -274.55377197265625],
             [320.46728515625, -279.45379638671875],
             [322.21728515625, -290.65380859375],
             [333.2423095703125, -291.52880859375],
             [344.09228515625, -292.22882080078125],
             [355.29229736328125, -291.17877197265625],
             [363.16729736328125, -287.32879638671875],
             [368.59228515625, -291.0037841796875],
             [376.1173095703125, -292.22882080078125],
             [385.21728515625, -291.35382080078125],
             [395.1925048828125, -289.95379638671875],
             [399.39251708984375, -288.02880859375],
             [406.217529296875, -289.60382080078125],
             [407.79248046875, -297.47882080078125],
             [404.467529296875, -303.77880859375],
             [397.8175048828125, -313.40380859375],
             [395.71728515625, -315.50390625],
             [386.61749267578125, -321.1038818359375],
             [381.36749267578125, -323.7288818359375],
             [377.51727294921875, -322.67889404296875],
             [367.54229736328125, -322.32891845703125],
             [353.89227294921875, -321.1038818359375],
             [347.76727294921875, -325.30389404296875],
             [342.69232177734375, -322.8538818359375],
             [332.19232177734375, -324.42889404296875],
             [325.89227294921875, -326.17889404296875],
             [320.29229736328125, -323.37890625],
             [314.51727294921875, -322.50390625],
             [308.39227294921875, -324.77886962890625],
             [302.96728515625, -321.62890625],
             [299.1173095703125, -321.80389404296875],
             [293.34228515625, -321.80389404296875],
             [290.54229736328125, -319.3538818359375],
             [287.04229736328125, -315.67889404296875],
             [279.86712646484375, -313.2288818359375],
             [276.01727294921875, -304.1287841796875],
             [266.56707763671875, -300.27880859375],
             [259.74212646484375, -297.65380859375],
             [247.6671142578125, -297.65380859375],
             [234.71710205078125, -298.8787841796875],
             [221.06707763671875, -296.07879638671875],
             [209.69207763671875, -295.72882080078125],
             [202.86712646484375, -295.20379638671875],
             [193.24188232421875, -291.35382080078125],
             [181.3419189453125, -289.07879638671875],
             [173.2918701171875, -286.6287841796875],
             [162.44189453125, -283.30377197265625],
             [150.89190673828125, -281.55377197265625],
             [138.81689453125, -280.32879638671875],
             [122.89190673828125, -279.45379638671875],
             [115.19189453125, -276.1287841796875],
             [107.6668701171875, -274.90380859375],
             [104.86688232421875, -271.9287109375],
             [99.0919189453125, -268.2537841796875],
             [88.94189453125, -264.22869873046875],
             [84.3917236328125, -265.27880859375],
             [80.7166748046875, -262.1287841796875],
             [74.7667236328125, -262.47869873046875],
             [70.56671142578125, -260.5537109375],
             [60.94171142578125, -254.7786865234375],
             [56.56671142578125, -253.72869873046875],
             [49.91668701171875, -254.7786865234375],
             [45.0167236328125, -249.8787841796875],
             [39.5916748046875, -250.0537109375],
             [36.61669921875, -247.4287109375],
             [35.56671142578125, -237.97869873046875],
             [34.5167236328125, -232.20367431640625],
             [36.2667236328125, -229.22869873046875],
             [36.44171142578125, -222.57861328125],
             [36.0916748046875, -216.2786865234375],
             [30.31671142578125, -212.7786865234375],
             [31.36669921875, -208.9285888671875],
             [36.74072265625, -207.21990966796875],
             [40.00732421875, -203.4866943359375],
             [43.973876953125, -201.38671875],
             [46.30731201171875, -196.95330810546875],
             [46.54071044921875, -192.05328369140625],
             [49.3406982421875, -187.3865966796875],
             [53.30731201171875, -184.1199951171875],
             [58.207275390625, -184.1199951171875],
             [66.14068603515625, -182.71990966796875],
             [70.5740966796875, -180.3865966796875],
             [73.14068603515625, -176.41998291015625],
             [75.940673828125, -171.98651123046875],
             [80.6072998046875, -168.71990966796875],
             [84.3406982421875, -164.98651123046875],
             [86.440673828125, -161.71990966796875],
             [82.47412109375, -160.08660888671875],
             [76.174072265625, -159.85321044921875],
             [70.80731201171875, -159.3865966796875],
             [67.54071044921875, -158.45330810546875],
             [66.6072998046875, -155.6531982421875],
             [68.24072265625, -153.08660888671875],
             [73.8406982421875, -153.78662109375],
             [84.3406982421875, -156.11981201171875],
             [86.674072265625, -153.08660888671875],
             [88.54071044921875, -149.58660888671875],
             [96.00750732421875, -150.28662109375],
             [100.440673828125, -147.48651123046875],
             [104.87408447265625, -144.919921875],
             [110.47412109375, -140.0198974609375],
             [115.25189208984375, -144.02117919921875],
             [123.65191650390625, -149.62109375],
             [132.0518798828125, -153.9766845703125],
             [137.34088134765625, -157.39898681640625],
             [142.00750732421875, -159.265625],
             [144.185302734375, -161.44342041015625],
             [149.7852783203125, -162.06561279296875],
             [153.5186767578125, -166.42120361328125],
             [156.62969970703125, -167.04339599609375],
             [161.60748291015625, -167.9766845703125],
             [166.5853271484375, -167.04339599609375],
             [170.62969970703125, -165.48779296875],
             [170.62969970703125, -162.68780517578125],
             [177.47430419921875, -162.68780517578125],
             [181.5186767578125, -165.79901123046875],
             [179.02972412109375, -168.5989990234375],
             [175.2965087890625, -170.465576171875],
             [174.0518798828125, -174.82122802734375],
             [185.5631103515625, -174.510009765625],
             [184.94091796875, -179.4879150390625],
             [200.185302734375, -192.55450439453125],
             [201.42987060546875, -195.66571044921875],
             [199.5631103515625, -196.5989990234375],
             [199.2520751953125, -204.06561279296875],
             [205.1630859375, -204.99908447265625],
             [207.652099609375, -207.17681884765625],
             [212.0076904296875, -207.79901123046875],
             [207.0299072265625, -216.1990966796875],
             [202.36309814453125, -216.8212890625],
             [195.20751953125, -213.087890625],
             [187.74090576171875, -213.710205078125],
             [195.5186767578125, -214.95458984375],
             [199.5631103515625, -218.37689208984375],
             [206.40771484375, -220.55462646484375],
             [205.1630859375, -225.53240966796875],
             [209.20770263671875, -229.88800048828125],
             [207.0299072265625, -237.35467529296875],
             [212.0076904296875, -245.443603515625],
             [208.5853271484375, -257.88800048828125],
             [214.18548583984375, -265.97698974609375],
             [223.20770263671875, -268.7769775390625],
             [230.67431640625, -268.46588134765625],
             [237.20770263671875, -273.13250732421875],
             [244.0521240234375, -276.86578369140625],
             [248.40771484375, -271.26580810546875],
             [251.82989501953125, -273.75469970703125],
             [257.5020751953125, -271.56781005859375],
             [260.94732666015625, -276.5880126953125],
             [264.8848876953125, -282.39581298828125],
             [268.82232666015625, -281.510009765625],
             [270.20050048828125, -278.45831298828125],
             [273.94110107421875, -277.9661865234375],
             [277.48492431640625, -275.50531005859375],
             [285.75372314453125, -275.60369873046875],
             [290.77392578125, -273.635009765625]
           ]
         ]
       },
       "properties": {
         "Id": 0,
         "name": "咯拉布拉镇",
         "cp": [140.6711120605, -240.6308222497]
       }
     },
     {
       "type": "Feature",
       "geometry": {
         "type": "MultiPolygon",
         "coordinates": [
           [
             [
               [49.4666748046875, -114.22967529296875],
               [48.8739013671875, -114.35321044921875],
               [49.57391357421875, -113.886474609375],
               [49.4666748046875, -114.22967529296875]
             ]
           ],
           [
             [
               [49.4666748046875, -114.22967529296875],
               [54.473876953125, -113.1865234375],
               [60.77392578125, -112.95318603515625],
               [66.6072998046875, -112.95318603515625],
               [65.90728759765625, -117.61981201171875],
               [69.64068603515625, -119.25311279296875],
               [77.5740966796875, -119.71978759765625],
               [83.174072265625, -120.4197998046875],
               [82.940673828125, -125.08648681640625],
               [86.440673828125, -126.48651123046875],
               [90.40728759765625, -128.11981201171875],
               [95.3074951171875, -128.11981201171875],
               [100.207275390625, -125.55322265625],
               [105.10748291015625, -127.6531982421875],
               [106.27410888671875, -131.3865966796875],
               [106.27410888671875, -133.95318603515625],
               [110.940673828125, -135.35321044921875],
               [110.667724609375, -138.08319091796875],
               [110.47412109375, -140.0198974609375],
               [104.87408447265625, -144.919921875],
               [100.440673828125, -147.48651123046875],
               [96.00750732421875, -150.28662109375],
               [88.54071044921875, -149.58660888671875],
               [86.674072265625, -153.08660888671875],
               [84.3406982421875, -156.11981201171875],
               [73.8406982421875, -153.78662109375],
               [68.24072265625, -153.08660888671875],
               [66.6072998046875, -155.6531982421875],
               [67.54071044921875, -158.45330810546875],
               [70.80731201171875, -159.3865966796875],
               [76.174072265625, -159.85321044921875],
               [82.47412109375, -160.08660888671875],
               [86.440673828125, -161.71990966796875],
               [84.3406982421875, -164.98651123046875],
               [80.6072998046875, -168.71990966796875],
               [75.940673828125, -171.98651123046875],
               [73.14068603515625, -176.41998291015625],
               [70.5740966796875, -180.3865966796875],
               [66.14068603515625, -182.71990966796875],
               [58.207275390625, -184.1199951171875],
               [53.30731201171875, -184.1199951171875],
               [49.3406982421875, -187.3865966796875],
               [46.54071044921875, -192.05328369140625],
               [46.30731201171875, -196.95330810546875],
               [43.973876953125, -201.38671875],
               [40.00732421875, -203.4866943359375],
               [36.74072265625, -207.21990966796875],
               [36.50732421875, -202.78668212890625],
               [39.77392578125, -199.05328369140625],
               [43.50732421875, -196.2532958984375],
               [44.90728759765625, -193.91998291015625],
               [41.17388916015625, -191.1199951171875],
               [40.00732421875, -187.6199951171875],
               [43.74072265625, -185.05328369140625],
               [43.74072265625, -180.6199951171875],
               [41.17388916015625, -178.05328369140625],
               [42.1072998046875, -173.3865966796875],
               [37.67388916015625, -167.55328369140625],
               [40.940673828125, -163.58660888671875],
               [41.40728759765625, -155.419921875],
               [43.27392578125, -151.919921875],
               [47.473876953125, -149.58660888671875],
               [48.40728759765625, -145.61981201171875],
               [50.74072265625, -143.5198974609375],
               [50.74072265625, -138.85321044921875],
               [53.77392578125, -135.58648681640625],
               [50.973876953125, -131.1531982421875],
               [53.07391357421875, -127.419921875],
               [52.14068603515625, -124.61981201171875],
               [50.973876953125, -120.6531982421875],
               [48.40728759765625, -117.61981201171875],
               [49.4666748046875, -114.22967529296875]
             ]
           ]
         ]
       },
       "properties": {
         "Id": 0,
         "name": "种羊场",
         "cp": [70.6711120605, -140.6308222497],
       }
     },
     {
       "type": "Feature",
       "geometry": {
         "type": "Polygon",
         "coordinates": [
           [
             [297.95989990234375, -194.294189453125],
             [295.6959228515625, -187.79730224609375],
             [283.58807373046875, -187.99420166015625],
             [276.7958984375, -188.38787841796875],
             [276.50048828125, -191.93170166015625],
             [271.6771240234375, -192.32537841796875],
             [274.43328857421875, -197.1488037109375],
             [273.5474853515625, -199.80670166015625],
             [265.08172607421875, -200.49578857421875],
             [259.07708740234375, -199.60980224609375],
             [254.94268798828125, -200.20037841796875],
             [251.20208740234375, -199.21600341796875],
             [247.95367431640625, -195.67230224609375],
             [244.212890625, -197.05047607421875],
             [241.06292724609375, -195.77069091796875],
             [239.3895263671875, -193.802001953125],
             [238.20831298828125, -192.03009033203125],
             [237.32232666015625, -188.48638916015625],
             [230.03790283203125, -188.19097900390625],
             [225.31292724609375, -186.517578125],
             [222.75347900390625, -184.64727783203125],
             [220.88330078125, -180.8082275390625],
             [204.444091796875, -180.51287841796875],
             [204.148681640625, -163.97540283203125],
             [204.444091796875, -159.34881591796875],
             [204.739501953125, -152.75347900390625],
             [202.77069091796875, -147.14251708984375],
             [204.64093017578125, -144.48468017578125],
             [207.6925048828125, -147.24090576171875],
             [211.334716796875, -145.86279296875],
             [212.90972900390625, -148.32379150390625],
             [216.5518798828125, -149.4066162109375],
             [220.194091796875, -150.3909912109375],
             [223.93487548828125, -148.717529296875],
             [224.6239013671875, -146.84722900390625],
             [225.6082763671875, -144.48468017578125],
             [232.2764892578125, -147.3695068359375],
             [233.1060791015625, -152.76220703125],
             [242.23211669921875, -155.2510986328125],
             [248.45428466796875, -152.76220703125],
             [248.45428466796875, -155.2510986328125],
             [251.77288818359375, -161.88812255859375],
             [257.9951171875, -172.25848388671875],
             [284.54327392578125, -168.11029052734375],
             [311.92108154296875, -166.86590576171875],
             [317.728515625, -176.40667724609375],
             [315.65447998046875, -193.82891845703125],
             [297.95989990234375, -194.294189453125]
           ]
         ]
       },
       "properties": {
         "Id": 0,
         "name": "兵团七十二团"
       }
     },
     {
       "type": "Feature",
       "geometry": {
         "type": "MultiPolygon",
         "coordinates": [
           [
             [
               [284.54327392578125, -168.11029052734375],
               [257.9951171875, -172.25848388671875],
               [251.77288818359375, -161.88812255859375],
               [248.45428466796875, -155.2510986328125],
               [253.944091796875, -154.96588134765625],
               [256.569091796875, -153.39080810546875],
               [257.79412841796875, -150.76580810546875],
               [259.54412841796875, -153.56591796875],
               [263.39410400390625, -151.11590576171875],
               [264.79412841796875, -150.76580810546875],
               [264.9691162109375, -153.9158935546875],
               [266.54412841796875, -155.14080810546875],
               [265.8441162109375, -159.1658935546875],
               [266.36907958984375, -160.9158935546875],
               [267.76910400390625, -160.56591796875],
               [268.29412841796875, -158.11590576171875],
               [271.444091796875, -158.81591796875],
               [275.4691162109375, -159.86590576171875],
               [277.39410400390625, -157.4158935546875],
               [280.54412841796875, -156.89080810546875],
               [280.89410400390625, -159.34088134765625],
               [284.54327392578125, -168.11029052734375]
             ]
           ],
           [
             [
               [225.6082763671875, -144.48468017578125],
               [224.6239013671875, -146.84722900390625],
               [223.93487548828125, -148.717529296875],
               [220.194091796875, -150.3909912109375],
               [216.5518798828125, -149.4066162109375],
               [212.90972900390625, -148.32379150390625],
               [211.334716796875, -145.86279296875],
               [207.6925048828125, -147.24090576171875],
               [204.64093017578125, -144.48468017578125],
               [202.77069091796875, -147.14251708984375],
               [204.739501953125, -152.75347900390625],
               [204.444091796875, -159.34881591796875],
               [204.148681640625, -163.97540283203125],
               [204.444091796875, -180.51287841796875],
               [220.88330078125, -180.8082275390625],
               [222.75347900390625, -184.64727783203125],
               [225.31292724609375, -186.517578125],
               [230.03790283203125, -188.19097900390625],
               [237.32232666015625, -188.48638916015625],
               [238.20831298828125, -192.03009033203125],
               [239.3895263671875, -193.802001953125],
               [241.06292724609375, -195.77069091796875],
               [244.212890625, -197.05047607421875],
               [247.95367431640625, -195.67230224609375],
               [251.20208740234375, -199.21600341796875],
               [254.94268798828125, -200.20037841796875],
               [259.07708740234375, -199.60980224609375],
               [265.08172607421875, -200.49578857421875],
               [273.5474853515625, -199.80670166015625],
               [274.43328857421875, -197.1488037109375],
               [271.6771240234375, -192.32537841796875],
               [276.50048828125, -191.93170166015625],
               [276.7958984375, -188.38787841796875],
               [283.58807373046875, -187.99420166015625],
               [295.6959228515625, -187.79730224609375],
               [297.95989990234375, -194.294189453125],
               [283.19427490234375, -194.392578125],
               [283.981689453125, -197.739501953125],
               [286.04888916015625, -200.39727783203125],
               [285.556884765625, -202.3660888671875],
               [278.96148681640625, -203.15350341796875],
               [272.0709228515625, -205.02392578125],
               [267.247314453125, -209.2567138671875],
               [265.47552490234375, -211.52081298828125],
               [265.96771240234375, -213.6864013671875],
               [271.7755126953125, -215.55670166015625],
               [279.1583251953125, -219.10052490234375],
               [284.572509765625, -223.136474609375],
               [292.0537109375, -227.073974609375],
               [297.1724853515625, -231.60211181640625],
               [294.02252197265625, -234.7520751953125],
               [281.71771240234375, -235.14581298828125],
               [278.7645263671875, -239.67388916015625],
               [282.01312255859375, -241.2489013671875],
               [281.1270751953125, -248.9271240234375],
               [284.1787109375, -253.4552001953125],
               [283.19427490234375, -262.1177978515625],
               [287.23028564453125, -266.448974609375],
               [289.69110107421875, -270.2880859375],
               [290.77392578125, -273.635009765625],
               [285.75372314453125, -275.60369873046875],
               [277.48492431640625, -275.50531005859375],
               [273.94110107421875, -277.9661865234375],
               [270.20050048828125, -278.45831298828125],
               [268.82232666015625, -281.510009765625],
               [264.8848876953125, -282.39581298828125],
               [260.94732666015625, -276.5880126953125],
               [257.5020751953125, -271.56781005859375],
               [251.82989501953125, -273.75469970703125],
               [248.40771484375, -271.26580810546875],
               [244.0521240234375, -276.86578369140625],
               [237.20770263671875, -273.13250732421875],
               [230.67431640625, -268.46588134765625],
               [223.20770263671875, -268.7769775390625],
               [214.18548583984375, -265.97698974609375],
               [208.5853271484375, -257.88800048828125],
               [212.0076904296875, -245.443603515625],
               [207.0299072265625, -237.35467529296875],
               [209.20770263671875, -229.88800048828125],
               [205.1630859375, -225.53240966796875],
               [206.40771484375, -220.55462646484375],
               [199.5631103515625, -218.37689208984375],
               [195.5186767578125, -214.95458984375],
               [187.74090576171875, -213.710205078125],
               [195.20751953125, -213.087890625],
               [202.36309814453125, -216.8212890625],
               [207.0299072265625, -216.1990966796875],
               [212.0076904296875, -207.79901123046875],
               [207.652099609375, -207.17681884765625],
               [205.1630859375, -204.99908447265625],
               [199.2520751953125, -204.06561279296875],
               [199.5631103515625, -196.5989990234375],
               [201.42987060546875, -195.66571044921875],
               [200.185302734375, -192.55450439453125],
               [184.94091796875, -179.4879150390625],
               [185.5631103515625, -174.510009765625],
               [174.0518798828125, -174.82122802734375],
               [175.2965087890625, -170.465576171875],
               [179.02972412109375, -168.5989990234375],
               [181.5186767578125, -165.79901123046875],
               [177.47430419921875, -162.68780517578125],
               [170.62969970703125, -162.68780517578125],
               [170.62969970703125, -165.48779296875],
               [166.5853271484375, -167.04339599609375],
               [161.60748291015625, -167.9766845703125],
               [156.62969970703125, -167.04339599609375],
               [153.5186767578125, -166.42120361328125],
               [149.7852783203125, -162.06561279296875],
               [144.185302734375, -161.44342041015625],
               [142.00750732421875, -159.265625],
               [137.34088134765625, -157.39898681640625],
               [132.0518798828125, -153.9766845703125],
               [123.65191650390625, -149.62109375],
               [115.25189208984375, -144.02117919921875],
               [110.47412109375, -140.0198974609375],
               [110.667724609375, -138.08319091796875],
               [110.940673828125, -135.35321044921875],
               [114.76727294921875, -135.13311767578125],
               [118.31109619140625, -134.936279296875],
               [120.5750732421875, -135.42840576171875],
               [120.5750732421875, -137.397216796875],
               [124.70947265625, -137.397216796875],
               [125.0048828125, -140.05499267578125],
               [128.6470947265625, -140.25189208984375],
               [132.19091796875, -140.05499267578125],
               [132.19091796875, -142.71282958984375],
               [132.3876953125, -144.9769287109375],
               [135.04547119140625, -144.48468017578125],
               [138.29388427734375, -143.99249267578125],
               [138.49090576171875, -147.04412841796875],
               [141.936279296875, -148.12689208984375],
               [141.936279296875, -150.29248046875],
               [146.07049560546875, -150.58782958984375],
               [150.99249267578125, -152.26129150390625],
               [155.422119140625, -153.048828125],
               [155.422119140625, -148.02850341796875],
               [158.17828369140625, -147.53631591796875],
               [161.0330810546875, -145.272216796875],
               [165.462890625, -144.87847900390625],
               [171.172119140625, -145.6658935546875],
               [175.3065185546875, -146.1580810546875],
               [176.9801025390625, -148.02850341796875],
               [180.1298828125, -145.9613037109375],
               [182.49249267578125, -143.50030517578125],
               [185.74090576171875, -144.09088134765625],
               [187.611328125, -145.272216796875],
               [190.9581298828125, -143.10650634765625],
               [195.486328125, -142.319091796875],
               [199.52227783203125, -141.43310546875],
               [204.54248046875, -140.6456298828125],
               [221.27691650390625, -140.05499267578125],
               [224.1317138671875, -142.0238037109375],
               [225.6082763671875, -144.48468017578125]
             ]
           ]
         ]
       },
       "properties": {
         "Id": 0,
         "name": "肖尔布拉克镇",
         "cp": [250.6711120605, -230.6308222497],
       }
     },
     {
       "type": "Feature",
       "geometry": {
         "type": "Polygon",
         "coordinates": [
           [
             [280.5488516473901, -156.89080810546875],
             [277.3988272333276, -157.4158935546875],
             [275.47383944035886, -159.86590576171875],
             [271.44881502629636, -158.81591796875],
             [268.2988516473901, -158.11590576171875],
             [267.7738272333276, -160.56591796875],
             [266.3738028192651, -160.9158935546875],
             [265.84883944035886, -159.1658935546875],
             [266.5488516473901, -155.14080810546875],
             [264.97383944035886, -153.9158935546875],
             [264.7988516473901, -150.76580810546875],
             [263.3988272333276, -151.11590576171875],
             [259.5488516473901, -153.56591796875],
             [257.7988516473901, -150.76580810546875],
             [257.8552481317651, -142.07269287109375],
             [256.4552237177026, -131.80609130859375],
             [255.0551993036401, -125.97271728515625],
             [255.5219961786401, -115.0059814453125],
             [248.0551993036401, -104.039306640625],
             [251.0886465692651, -94.70599365234375],
             [249.2218252802026, -80.93927001953125],
             [248.98860994817136, -70.9058837890625],
             [238.9552237177026, -60.4058837890625],
             [237.3218008661401, -55.0391845703125],
             [267.4220205927026, -54.10589599609375],
             [277.9220205927026, -65.539306640625],
             [282.12203279973386, -76.5059814453125],
             [290.75521151067136, -80.93927001953125],
             [304.75521151067136, -79.07257080078125],
             [317.35543123723386, -73.0059814453125],
             [324.35543123723386, -82.805908203125],
             [328.3220450067651, -93.539306640625],
             [336.72200838567136, -95.6392822265625],
             [342.7888418817651, -94.93927001953125],
             [339.0554434442651, -98.672607421875],
             [338.58882967473386, -102.172607421875],
             [336.2553946161401, -108.47271728515625],
             [336.48860994817136, -116.639404296875],
             [333.68880526067136, -120.139404296875],
             [331.5886465692651, -126.906005859375],
             [330.8888174677026, -136.4727783203125],
             [333.68880526067136, -141.83941650390625],
             [333.9220205927026, -150.93939208984375],
             [325.7553946161401, -156.53948974609375],
             [321.0886465692651, -155.8394775390625],
             [316.88863436223386, -155.372802734375],
             [311.0554434442651, -151.17279052734375],
             [310.5886465692651, -155.6060791015625],
             [301.48860994817136, -155.8394775390625],
             [296.12203279973386, -157.006103515625],
             [293.3220450067651, -156.53948974609375],
             [292.8552481317651, -160.739501953125],
             [288.1886221552026, -155.8394775390625],
             [287.72200838567136, -158.4061279296875],
             [284.9220205927026, -159.1060791015625],
             [280.5488516473901, -156.89080810546875]
           ]
         ]
       },
       "properties": {
         "Id": 0,
         "name": "新源县直属 1"
       }
     },
     {
       "type": "Feature",
       "geometry": {
         "type": "Polygon",
         "coordinates": [
           [
             [372.81488037109375, -145.72821044921875],
             [361.61492919921875, -141.9949951171875],
             [359.04827880859375, -146.42828369140625],
             [356.48150634765625, -151.56170654296875],
             [353.21490478515625, -154.59490966796875],
             [349.014892578125, -151.09490966796875],
             [347.1483154296875, -152.2615966796875],
             [343.1815185546875, -154.1282958984375],
             [340.61492919921875, -152.4949951171875],
             [333.91729736328125, -150.93939208984375],
             [333.68408203125, -141.83941650390625],
             [330.88409423828125, -136.4727783203125],
             [331.58392333984375, -126.906005859375],
             [333.68408203125, -120.139404296875],
             [336.48388671875, -116.639404296875],
             [336.25067138671875, -108.47271728515625],
             [338.5841064453125, -102.172607421875],
             [339.05072021484375, -98.672607421875],
             [342.78411865234375, -94.939208984375],
             [350.6483154296875, -95.32818603515625],
             [358.81488037109375, -92.294921875],
             [364.88153076171875, -84.36151123046875],
             [372.11492919921875, -77.12811279296875],
             [378.4149169921875, -70.59478759765625],
             [381.68170166015625, -74.32818603515625],
             [385.4149169921875, -71.0615234375],
             [384.248291015625, -67.7947998046875],
             [397.31488037109375, -64.0615234375],
             [406.41510009765625, -67.7947998046875],
             [403.61492919921875, -71.99481201171875],
             [412.248291015625, -77.36151123046875],
             [420.18170166015625, -79.69488525390625],
             [428.34832763671875, -80.1614990234375],
             [433.715087890625, -83.6614990234375],
             [439.08172607421875, -84.36151123046875],
             [441.64849853515625, -85.99481201171875],
             [448.64849853515625, -85.0615234375],
             [459.3817138671875, -79.92822265625],
             [470.81512451171875, -72.9281005859375],
             [476.41510009765625, -73.394775390625],
             [475.948486328125, -67.32818603515625],
             [484.5819091796875, -64.0615234375],
             [495.54852294921875, -64.99481201171875],
             [505.11529541015625, -62.894775390625],
             [509.54852294921875, -65.46148681640625],
             [517.948486328125, -64.761474609375],
             [522.6152954101562, -61.96148681640625],
             [530.3153076171875, -65.46148681640625],
             [538.7152709960938, -59.394775390625],
             [543.6152954101562, -65.69482421875],
             [542.2152709960938, -71.761474609375],
             [543.3818969726562, -77.12811279296875],
             [546.648681640625, -84.59478759765625],
             [554.1152954101562, -101.1614990234375],
             [557.8486938476562, -97.19488525390625],
             [560.648681640625, -96.49481201171875],
             [560.882080078125, -93.69488525390625],
             [564.6152954101562, -92.294921875],
             [563.681884765625, -97.19488525390625],
             [565.7821044921875, -103.0281982421875],
             [566.2487182617188, -108.86151123046875],
             [566.2487182617188, -115.3948974609375],
             [562.9818725585938, -118.8948974609375],
             [559.4818725585938, -120.294921875],
             [558.7819213867188, -122.861572265625],
             [554.5819091796875, -123.79498291015625],
             [548.9818725585938, -121.92828369140625],
             [545.4818725585938, -122.16162109375],
             [534.0487060546875, -118.66162109375],
             [529.148681640625, -120.294921875],
             [522.8485107421875, -123.09490966796875],
             [520.9818725585938, -126.1282958984375],
             [516.5485229492188, -124.2615966796875],
             [511.181884765625, -126.82830810546875],
             [514.681884765625, -131.96160888671875],
             [515.8485107421875, -136.861572265625],
             [514.681884765625, -144.09490966796875],
             [515.1484985351562, -147.82830810546875],
             [519.3485107421875, -148.5283203125],
             [517.0153198242188, -152.96160888671875],
             [519.8153076171875, -158.79498291015625],
             [524.2484741210938, -162.76171875],
             [533.8153076171875, -164.39501953125],
             [532.648681640625, -167.89501953125],
             [525.648681640625, -167.89501953125],
             [522.6152954101562, -170.92840576171875],
             [517.7152709960938, -166.4949951171875],
             [516.0819091796875, -166.961669921875],
             [508.61529541015625, -166.02838134765625],
             [503.24847412109375, -163.2283935546875],
             [498.81512451171875, -163.92828369140625],
             [493.681884765625, -157.8616943359375],
             [493.681884765625, -155.06170654296875],
             [489.948486328125, -153.66168212890625],
             [484.1151123046875, -154.1282958984375],
             [480.6151123046875, -156.69500732421875],
             [476.64849853515625, -157.16168212890625],
             [474.31512451171875, -152.728271484375],
             [469.181884765625, -152.4949951171875],
             [461.24847412109375, -152.2615966796875],
             [458.681884765625, -149.228271484375],
             [454.01507568359375, -149.228271484375],
             [450.04852294921875, -149.46160888671875],
             [448.64849853515625, -147.1282958984375],
             [445.3817138671875, -148.9949951171875],
             [443.28167724609375, -147.3616943359375],
             [440.24847412109375, -147.3616943359375],
             [439.31512451171875, -143.16168212890625],
             [432.54827880859375, -142.92828369140625],
             [425.54827880859375, -140.82830810546875],
             [422.74847412109375, -143.6282958984375],
             [417.1483154296875, -143.6282958984375],
             [413.6483154296875, -147.3616943359375],
             [409.91510009765625, -144.56158447265625],
             [405.481689453125, -144.56158447265625],
             [399.8817138671875, -144.56158447265625],
             [393.11492919921875, -144.56158447265625],
             [389.3817138671875, -143.6282958984375],
             [386.11492919921875, -145.728271484375],
             [380.981689453125, -147.1282958984375],
             [379.81488037109375, -143.8616943359375],
             [372.81488037109375, -145.72821044921875]
           ]
         ]
       },
       "properties": {
         "Id": 0,
         "name": "则克台镇"
       }
     },
     {
       "type": "Feature",
       "geometry": {
         "type": "Polygon",
         "coordinates": [
           [
             [516.0819091796875, -166.96160888671875],
             [515.6152954101562, -169.52838134765625],
             [520.5153198242188, -178.16168212890625],
             [525.8818969726562, -181.19500732421875],
             [524.7152709960938, -188.66168212890625],
             [519.3485107421875, -190.06170654296875],
             [505.5819091796875, -197.9951171875],
             [496.24847412109375, -191.69500732421875],
             [486.91510009765625, -186.328369140625],
             [476.181884765625, -182.3616943359375],
             [465.681884765625, -182.3616943359375],
             [452.3817138671875, -182.828369140625],
             [442.3485107421875, -186.56170654296875],
             [437.91510009765625, -183.9949951171875],
             [432.31512451171875, -179.79498291015625],
             [429.28167724609375, -174.42840576171875],
             [430.68170166015625, -169.29498291015625],
             [431.84832763671875, -168.594970703125],
             [431.6151123046875, -166.26171875],
             [433.01507568359375, -166.26171875],
             [435.81512451171875, -162.76171875],
             [426.481689453125, -154.3616943359375],
             [425.54827880859375, -150.6282958984375],
             [422.74847412109375, -143.6282958984375],
             [425.54827880859375, -140.82830810546875],
             [432.54827880859375, -142.92828369140625],
             [439.31512451171875, -143.16168212890625],
             [440.24847412109375, -147.3616943359375],
             [443.28167724609375, -147.3616943359375],
             [445.3817138671875, -148.9949951171875],
             [448.64849853515625, -147.1282958984375],
             [450.04852294921875, -149.46160888671875],
             [454.01507568359375, -149.22821044921875],
             [458.681884765625, -149.22821044921875],
             [461.24847412109375, -152.2615966796875],
             [469.181884765625, -152.4949951171875],
             [474.31512451171875, -152.72821044921875],
             [476.64849853515625, -157.16168212890625],
             [480.6151123046875, -156.69500732421875],
             [484.1151123046875, -154.1282958984375],
             [489.948486328125, -153.66168212890625],
             [493.681884765625, -155.06170654296875],
             [493.681884765625, -157.8616943359375],
             [498.81512451171875, -163.92828369140625],
             [503.24847412109375, -163.2283935546875],
             [508.61529541015625, -166.02838134765625],
             [516.0819091796875, -166.96160888671875]
           ]
         ]
       },
       "properties": {
         "Id": 0,
         "name": "兵团七十一团"
       }
     },
     {
       "type": "Feature",
       "geometry": {
         "type": "Polygon",
         "coordinates": [
           [
             [406.217529296875, -289.60382080078125],
             [408.51507568359375, -285.96197509765625],
             [406.18170166015625, -281.2952880859375],
             [405.481689453125, -274.0618896484375],
             [398.94830322265625, -267.0618896484375],
             [400.81488037109375, -260.99517822265625],
             [396.3817138671875, -255.16180419921875],
             [395.68170166015625, -249.5618896484375],
             [394.981689453125, -241.39520263671875],
             [392.18170166015625, -232.52850341796875],
             [397.54827880859375, -225.76177978515625],
             [397.54827880859375, -219.69512939453125],
             [398.94830322265625, -215.7283935546875],
             [402.68170166015625, -208.7283935546875],
             [402.44830322265625, -203.36181640625],
             [403.84832763671875, -198.2283935546875],
             [414.2705078125, -197.090576171875],
             [422.981689453125, -198.74981689453125],
             [432.10772705078125, -202.06829833984375],
             [438.74468994140625, -201.65350341796875],
             [440.4039306640625, -198.33502197265625],
             [449.9447021484375, -190.4534912109375],
             [460.31512451171875, -190.4534912109375],
             [460.72991943359375, -195.4312744140625],
             [475.24847412109375, -196.26092529296875],
             [479.8115234375, -198.33502197265625],
             [477.7373046875, -201.65350341796875],
             [478.981689453125, -204.97210693359375],
             [481.470703125, -205.80169677734375],
             [476.492919921875, -207.46099853515625],
             [475.663330078125, -210.77947998046875],
             [486.448486328125, -209.94989013671875],
             [485.2041015625, -216.172119140625],
             [490.3892822265625, -221.14990234375],
             [493.8115234375, -231.41650390625],
             [493.18927001953125, -237.94989013671875],
             [497.544921875, -241.3720703125],
             [493.18927001953125, -245.10540771484375],
             [485.4114990234375, -244.7943115234375],
             [485.4114990234375, -252.57220458984375],
             [492.87811279296875, -260.6610107421875],
             [511.23370361328125, -259.4166259765625],
             [521.50048828125, -264.08331298828125],
             [534.8782958984375, -266.57220458984375],
             [547.9448852539062, -269.994384765625],
             [562.256103515625, -271.861083984375],
             [577.1895141601562, -273.10552978515625],
             [586.8339233398438, -277.1500244140625],
             [596.7894897460938, -278.3944091796875],
             [603.01171875, -285.861083984375],
             [602.3895263671875, -296.1278076171875],
             [606.1229248046875, -303.28338623046875],
             [605.8117065429688, -310.1278076171875],
             [604.256103515625, -318.52789306640625],
             [602.0783081054688, -325.06121826171875],
             [595.8560791015625, -324.7501220703125],
             [592.7451171875, -320.0833740234375],
             [589.3228759765625, -319.15008544921875],
             [588.7005004882812, -324.7501220703125],
             [580.9227294921875, -323.81671142578125],
             [573.7672729492188, -323.19451904296875],
             [569.7227172851562, -317.28338623046875],
             [563.8117065429688, -311.372314453125],
             [560.0783081054688, -309.505615234375],
             [545.4561157226562, -311.68341064453125],
             [535.50048828125, -311.68341064453125],
             [528.6558837890625, -308.8834228515625],
             [519.9448852539062, -310.1278076171875],
             [510.9227294921875, -309.19451904296875],
             [501.90032958984375, -308.8834228515625],
             [491.011474609375, -307.0167236328125],
             [486.6558837890625, -304.83892822265625],
             [481.36688232421875, -305.77227783203125],
             [466.4337158203125, -301.41668701171875],
             [463.322509765625, -304.2166748046875],
             [452.4337158203125, -297.68328857421875],
             [443.72247314453125, -294.88330078125],
             [433.14471435546875, -295.19439697265625],
             [425.05572509765625, -294.2611083984375],
             [418.52252197265625, -291.46112060546875],
             [406.217529296875, -289.60382080078125]
           ]
         ]
       },
       "properties": {
         "Id": 0,
         "name": "新源镇",
         "cp": [440.6711120605, -250.6308222497],
       }
     },
     {
       "type": "Feature",
       "geometry": {
         "type": "Polygon",
         "coordinates": [
           [
             [516.0819091796875, -166.96160888671875],
             [517.7152709960938, -166.4949951171875],
             [522.6152954101562, -170.92840576171875],
             [526.789306640625, -175.72760009765625],
             [534.8782958984375, -176.34979248046875],
             [541.7227172851562, -176.0386962890625],
             [544.2114868164062, -177.9052734375],
             [560.7005004882812, -177.59417724609375],
             [569.1005249023438, -176.34979248046875],
             [576.256103515625, -171.68310546875],
             [584.3450927734375, -171.68310546875],
             [587.4561157226562, -172.3052978515625],
             [595.5451049804688, -172.61639404296875],
             [596.1672973632812, -177.2830810546875],
             [593.6782836914062, -181.0164794921875],
             [585.5894775390625, -180.39422607421875],
             [579.6782836914062, -181.32757568359375],
             [575.6339111328125, -185.0609130859375],
             [571.2783203125, -190.660888671875],
             [571.2783203125, -195.32757568359375],
             [573.4561157226562, -200.9276123046875],
             [572.2117309570312, -205.283203125],
             [565.6782836914062, -206.21649169921875],
             [564.4338989257812, -213.0609130859375],
             [561.6339111328125, -224.260986328125],
             [561.6339111328125, -231.10540771484375],
             [561.9448852539062, -238.8831787109375],
             [569.1005249023438, -242.30548095703125],
             [571.2783203125, -247.59429931640625],
             [583.7227172851562, -246.038818359375],
             [590.5673217773438, -249.14990234375],
             [602.70068359375, -250.08319091796875],
             [627.2785034179688, -256.30548095703125],
             [645.9451293945312, -253.81658935546875],
             [657.7672729492188, -253.81658935546875],
             [660.5673217773438, -264.70550537109375],
             [657.7672729492188, -267.19439697265625],
             [659.0119018554688, -273.41668701171875],
             [670.2119140625, -273.727783203125],
             [685.7675170898438, -271.54998779296875],
             [690.7453002929688, -281.19439697265625],
             [691.3674926757812, -290.2166748046875],
             [697.90087890625, -295.19439697265625],
             [693.8563232421875, -302.66119384765625],
             [685.7675170898438, -300.4833984375],
             [674.8784790039062, -304.52777099609375],
             [666.7896728515625, -307.32781982421875],
             [661.189697265625, -315.1055908203125],
             [657.1450805664062, -323.19451904296875],
             [653.722900390625, -328.4833984375],
             [644.70068359375, -331.28338623046875],
             [640.6563110351562, -327.8612060546875],
             [633.1895141601562, -332.216796875],
             [619.8117065429688, -334.7056884765625],
             [611.722900390625, -332.52789306640625],
             [612.6561279296875, -327.8612060546875],
             [602.0783081054688, -325.06121826171875],
             [604.256103515625, -318.52789306640625],
             [605.8117065429688, -310.1278076171875],
             [606.1229248046875, -303.28338623046875],
             [602.3895263671875, -296.1278076171875],
             [603.01171875, -285.861083984375],
             [596.7894897460938, -278.3944091796875],
             [586.8339233398438, -277.1500244140625],
             [577.1895141601562, -273.10552978515625],
             [562.256103515625, -271.861083984375],
             [547.9448852539062, -269.994384765625],
             [534.8782958984375, -266.57220458984375],
             [521.50048828125, -264.08331298828125],
             [511.23370361328125, -259.4166259765625],
             [492.87811279296875, -260.6610107421875],
             [485.4114990234375, -252.57220458984375],
             [485.4114990234375, -244.7943115234375],
             [493.18927001953125, -245.10540771484375],
             [497.544921875, -241.37200927734375],
             [493.18927001953125, -237.94989013671875],
             [493.8115234375, -231.41650390625],
             [490.3892822265625, -221.14990234375],
             [485.2041015625, -216.172119140625],
             [486.448486328125, -209.94989013671875],
             [475.663330078125, -210.77947998046875],
             [476.492919921875, -207.46099853515625],
             [481.470703125, -205.80169677734375],
             [478.981689453125, -204.97210693359375],
             [477.7373046875, -201.65350341796875],
             [479.8115234375, -198.33502197265625],
             [475.24847412109375, -196.26092529296875],
             [460.72991943359375, -195.43121337890625],
             [460.31512451171875, -190.4534912109375],
             [449.9447021484375, -190.4534912109375],
             [440.4039306640625, -198.33502197265625],
             [438.74468994140625, -201.65350341796875],
             [432.10772705078125, -202.06829833984375],
             [422.981689453125, -198.74981689453125],
             [414.2705078125, -197.090576171875],
             [403.84832763671875, -198.2283935546875],
             [400.58172607421875, -197.76177978515625],
             [398.481689453125, -193.32830810546875],
             [393.11492919921875, -182.82830810546875],
             [387.28167724609375, -179.0950927734375],
             [385.8817138671875, -171.16168212890625],
             [377.94830322265625, -166.96160888671875],
             [378.6483154296875, -161.3616943359375],
             [374.44830322265625, -159.4949951171875],
             [372.58148193359375, -152.0283203125],
             [372.81488037109375, -145.72821044921875],
             [379.81488037109375, -143.8616943359375],
             [380.981689453125, -147.1282958984375],
             [386.11492919921875, -145.72821044921875],
             [389.3817138671875, -143.6282958984375],
             [393.11492919921875, -144.56158447265625],
             [399.8817138671875, -144.56158447265625],
             [405.481689453125, -144.56158447265625],
             [409.91510009765625, -144.56158447265625],
             [413.6483154296875, -147.3616943359375],
             [417.1483154296875, -143.6282958984375],
             [422.74847412109375, -143.6282958984375],
             [425.54827880859375, -150.6282958984375],
             [426.481689453125, -154.3616943359375],
             [435.81512451171875, -162.76171875],
             [433.01507568359375, -166.26171875],
             [431.6151123046875, -166.26171875],
             [431.84832763671875, -168.59490966796875],
             [430.68170166015625, -169.29498291015625],
             [429.28167724609375, -174.42840576171875],
             [432.31512451171875, -179.79498291015625],
             [437.91510009765625, -183.9949951171875],
             [442.3485107421875, -186.56170654296875],
             [452.3817138671875, -182.82830810546875],
             [465.681884765625, -182.3616943359375],
             [476.181884765625, -182.3616943359375],
             [486.91510009765625, -186.32830810546875],
             [496.24847412109375, -191.69500732421875],
             [505.5819091796875, -197.9951171875],
             [519.3485107421875, -190.06170654296875],
             [524.7152709960938, -188.66168212890625],
             [525.8818969726562, -181.19500732421875],
             [520.5153198242188, -178.16168212890625],
             [515.6152954101562, -169.52838134765625],
             [516.0819091796875, -166.96160888671875]
           ]
         ]
       },
       "properties": {
         "Id": 0,
         "name": "别斯托别乡"
       }
     },
     {
       "type": "Feature",
       "geometry": {
         "type": "MultiPolygon",
         "coordinates": [
           [
             [
               [406.2207718151795, -289.64075511084366],
               [418.52576449096074, -291.49805491553116],
               [425.05896761596074, -294.2980427084999],
               [433.14795687377324, -295.23133128271866],
               [443.72571566283574, -294.9202350913124],
               [452.436958338617, -297.72022288428116],
               [463.3257522839295, -304.2536091147499],
               [466.436958338617, -301.45362132178116],
               [481.37012484252324, -305.80921214209366],
               [486.659126307367, -304.87586253271866],
               [491.0147171276795, -307.0536579428749],
               [501.90357210814824, -308.9203571616249],
               [510.925972010492, -309.23145335303116],
               [519.9481277722107, -310.1647419272499],
               [528.6591263073669, -308.9203571616249],
               [535.5037307995544, -311.72034495459366],
               [545.4593582409607, -311.72034495459366],
               [560.0815506237732, -309.5425495444374],
               [563.8149490612732, -311.4092487631874],
               [569.7259598034607, -317.32032054053116],
               [573.7705154675232, -323.23145335303116],
               [580.9259720104919, -323.85364573584366],
               [588.7037430065857, -324.7870563803749],
               [589.3261184948669, -319.18701975928116],
               [592.7483597058044, -320.12024729834366],
               [595.8593216198669, -324.7870563803749],
               [602.0815506237732, -325.09815257178116],
               [612.6593704479919, -327.8981403647499],
               [611.7261429089294, -332.56482737646866],
               [619.8149490612732, -334.7426227866249],
               [633.1927566784607, -332.2537311850624],
               [640.6595535534607, -327.8981403647499],
               [644.7039261120544, -331.32032054053116],
               [653.7261429089294, -328.5203327475624],
               [663.5757522839294, -327.03955882178116],
               [671.9757156628357, -328.2062458334999],
               [676.4091263073669, -332.1729206381874],
               [682.9423294323669, -334.27283518896866],
               [686.9091263073669, -337.77283518896866],
               [691.3425369518982, -336.37293284521866],
               [695.7757644909607, -335.90625804053116],
               [695.0757522839294, -339.1729206381874],
               [696.4757156628357, -345.9395222006874],
               [703.9423294323669, -348.0396198569374],
               [705.8091507214294, -346.40625804053116],
               [710.9425125378357, -346.40625804053116],
               [709.3091507214294, -350.8395466147499],
               [711.1757278698669, -355.27295725928116],
               [714.6757278698669, -357.8395466147499],
               [708.1425247448669, -362.0396198569374],
               [710.7091141003357, -368.8062214194374],
               [704.1757278698669, -374.4063190756874],
               [695.7757644909607, -380.7062458334999],
               [694.8425369518982, -386.3063434897499],
               [689.7091141003357, -389.3395466147499],
               [681.7757644909607, -387.9396442709999],
               [673.8423538464294, -391.9063190756874],
               [670.1091385143982, -395.4063190756874],
               [659.1423416393982, -393.3063434897499],
               [648.6423416393982, -393.3063434897499],
               [640.7089309948669, -389.3395466147499],
               [631.3757400768982, -389.10633128271866],
               [632.0757522839294, -397.50635569678116],
               [628.5755691784607, -398.4396442709999],
               [622.7423172253357, -401.00635569678116],
               [613.1755447643982, -398.6730427084999],
               [605.7089309948669, -401.00635569678116],
               [594.9755325573669, -408.23963206396866],
               [582.1421585339294, -404.97303050146866],
               [564.6421585339294, -408.00635569678116],
               [560.2089309948669, -404.2730182944374],
               [556.2421341198669, -401.23963206396866],
               [553.2087478893982, -393.0729450522499],
               [552.5089187878357, -389.10633128271866],
               [549.0089187878357, -387.9396442709999],
               [534.3087234753357, -379.3063434897499],
               [507.70874788939824, -380.4728473959999],
               [483.4419632214295, -370.4396442709999],
               [463.1419143933045, -369.27295725928116],
               [448.2085647839295, -372.0729450522499],
               [436.775337244867, -368.8062214194374],
               [431.1751175183045, -362.0396198569374],
               [422.77515413939824, -359.9396442709999],
               [416.7085647839295, -352.9395222006874],
               [410.1751175183045, -351.5396198569374],
               [406.4417190808045, -346.40625804053116],
               [392.2085647839295, -342.90625804053116],
               [390.575141932367, -341.03955882178116],
               [375.64173128783574, -340.10620921240616],
               [365.37512972533574, -329.60620921240616],
               [360.2417679089295, -328.2062458334999],
               [347.77051546752324, -325.34082835303116],
               [353.89551546752324, -321.1408161459999],
               [367.54553988158574, -322.36585276709366],
               [377.52051546752324, -322.71582835303116],
               [381.37073519408574, -323.7658161459999],
               [386.62073519408574, -321.1408161459999],
               [395.7205276745545, -315.5408405600624],
               [397.820747401117, -313.4407429038124],
               [404.4707718151795, -303.8157429038124],
               [407.7957229870545, -297.51575511084366],
               [406.2207718151795, -289.64075511084366]
             ]
           ],
           [
             [
               [406.2207718151795, -289.64075511084366],
               [399.39575960814824, -288.0657429038124],
               [395.195747401117, -289.99073069678116],
               [385.2205276745545, -291.39075511084366],
               [376.120552088617, -292.26575511084366],
               [368.5955276745545, -291.0407184897499],
               [363.17053988158574, -287.36573069678116],
               [355.29553988158574, -291.2156452475624],
               [344.0955276745545, -292.26575511084366],
               [333.245552088617, -291.5657429038124],
               [322.2205276745545, -290.6907429038124],
               [320.4705276745545, -279.49073069678116],
               [318.89551546752324, -274.5906452475624],
               [290.7771682995545, -273.6719440756874],
               [289.69434359252324, -270.3250202475624],
               [287.23352816283574, -266.4859089194374],
               [283.19751742064824, -262.1547321616249],
               [284.1819534558045, -253.4921345053749],
               [281.130317713617, -248.9640583334999],
               [282.01636507689824, -241.2858356772499],
               [278.767768885492, -239.71082347021866],
               [281.72095492064824, -235.18274729834366],
               [294.02576449096074, -234.7890095053749],
               [297.175727869867, -231.63904612646866],
               [292.0569534558045, -227.1109089194374],
               [284.5757522839295, -223.1734089194374],
               [279.161567713617, -219.13745921240616],
               [271.778755213617, -215.59363597021866],
               [265.97095492064824, -213.7233356772499],
               [265.47876742064824, -211.55774729834366],
               [267.2505569714295, -209.2936481772499],
               [272.074165369867, -205.0608600913124],
               [278.96472933471074, -203.19043772803116],
               [285.5601272839295, -202.4030231772499],
               [286.05213167846074, -200.43421214209366],
               [283.9849319714295, -197.7764362631874],
               [283.19751742064824, -194.4295124350624],
               [297.96314242064824, -194.3311237631874],
               [315.65772249877324, -193.86585276709366],
               [317.7317581433045, -176.44361155615616],
               [311.92432406127324, -166.90284007178116],
               [284.54651644408574, -168.14722483740616],
               [280.89734652221074, -159.37781565771866],
               [280.54737093627324, -156.92774241553116],
               [284.92053988158574, -159.1430134116249],
               [287.7205276745545, -158.4430622397499],
               [288.18714144408574, -155.8764118491249],
               [292.85376742064824, -160.7764362631874],
               [293.32056429564824, -156.57642405615616],
               [296.120552088617, -157.0430378256874],
               [301.4871292370545, -155.8764118491249],
               [310.58716585814824, -155.6430134116249],
               [311.05396273314824, -151.20972483740616],
               [316.887153651117, -155.4097370444374],
               [321.08716585814824, -155.8764118491249],
               [325.75391390502324, -156.57642405615616],
               [333.92053988158574, -150.97632639990616],
               [340.61817171752324, -152.5319294272499],
               [343.184761072992, -154.1652302084999],
               [347.151557947992, -152.2985309897499],
               [349.0181350964295, -151.13184397803116],
               [353.21814730346074, -154.63184397803116],
               [356.48474886596074, -151.59864085303116],
               [359.05152132689824, -146.46521800146866],
               [361.61817171752324, -142.0319294272499],
               [372.81812288939824, -145.76514475928116],
               [372.58472445189824, -152.0652546225624],
               [374.45154574096074, -159.5319294272499],
               [378.651557947992, -161.3986286459999],
               [377.95154574096074, -166.99854319678116],
               [385.884956385492, -171.19861643896866],
               [387.28491976439824, -179.1320270834999],
               [393.11817171752324, -182.86524241553116],
               [398.4849319714295, -193.36524241553116],
               [400.58496859252324, -197.79871409521866],
               [403.85157015502324, -198.2653278647499],
               [402.45154574096074, -203.3987507163124],
               [402.68494417846074, -208.7653278647499],
               [398.95154574096074, -215.7653278647499],
               [397.55152132689824, -219.73206370459366],
               [397.55152132689824, -225.79871409521866],
               [392.18494417846074, -232.56543772803116],
               [394.9849319714295, -241.43213694678116],
               [395.68494417846074, -249.5988239584999],
               [396.384956385492, -255.19873850928116],
               [400.81812288939824, -261.03211253271866],
               [398.95154574096074, -267.0988239584999],
               [405.4849319714295, -274.0988239584999],
               [406.18494417846074, -281.3322223959999],
               [408.51831820189824, -285.99890940771866],
               [406.2207718151795, -289.64075511084366]
             ]
           ]
         ]
       },
       "properties": {
         "Id": 0,
         "name": "塔勒德镇",
         "cp": [450.6711120605, -330.6308222497],
       }
     },
     {
       "type": "Feature",
       "geometry": {
         "type": "Polygon",
         "coordinates": [
           [
             [595.5451049804688, -172.61639404296875],
             [587.4561157226562, -172.3052978515625],
             [584.3450927734375, -171.68310546875],
             [576.256103515625, -171.68310546875],
             [569.1005249023438, -176.34979248046875],
             [560.7005004882812, -177.59417724609375],
             [544.2114868164062, -177.90521240234375],
             [541.7227172851562, -176.0386962890625],
             [534.8782958984375, -176.34979248046875],
             [526.789306640625, -175.72760009765625],
             [522.6152954101562, -170.92840576171875],
             [525.648681640625, -167.89501953125],
             [532.648681640625, -167.89501953125],
             [533.8153076171875, -164.39501953125],
             [524.2484741210938, -162.76171875],
             [519.8153076171875, -158.79498291015625],
             [517.0153198242188, -152.96160888671875],
             [519.3485107421875, -148.5283203125],
             [515.1484985351562, -147.82830810546875],
             [514.681884765625, -144.09490966796875],
             [515.8485107421875, -136.86151123046875],
             [514.681884765625, -131.96160888671875],
             [511.181884765625, -126.82830810546875],
             [516.5485229492188, -124.2615966796875],
             [520.9818725585938, -126.1282958984375],
             [522.8485107421875, -123.09490966796875],
             [529.148681640625, -120.294921875],
             [534.0487060546875, -118.66162109375],
             [545.4818725585938, -122.16162109375],
             [548.9818725585938, -121.92828369140625],
             [554.5819091796875, -123.79498291015625],
             [558.7819213867188, -122.86151123046875],
             [559.4818725585938, -120.294921875],
             [562.9818725585938, -118.8948974609375],
             [566.2487182617188, -115.3948974609375],
             [566.2487182617188, -108.86151123046875],
             [565.7821044921875, -103.0281982421875],
             [563.681884765625, -97.19488525390625],
             [564.6152954101562, -92.294921875],
             [576.2523193359375, -87.69061279296875],
             [584.5487060546875, -89.76470947265625],
             [598.6522827148438, -89.34991455078125],
             [611.096923828125, -85.2017822265625],
             [618.5634765625, -91.42401123046875],
             [626.0302734375, -94.32769775390625],
             [642.2081298828125, -95.98699951171875],
             [655.0673217773438, -98.06097412109375],
             [668.3414916992188, -102.209228515625],
             [680.785888671875, -103.03887939453125],
             [684.93408203125, -109.6759033203125],
             [684.93408203125, -115.4832763671875],
             [690.3267211914062, -114.6536865234375],
             [697.7932739257812, -110.5054931640625],
             [704.8452758789062, -110.9202880859375],
             [706.9193115234375, -117.97222900390625],
             [701.5266723632812, -128.75738525390625],
             [698.2081298828125, -133.7352294921875],
             [681.20068359375, -134.1500244140625],
             [666.2672729492188, -133.3203125],
             [654.6525268554688, -133.3203125],
             [650.0894775390625, -124.19439697265625],
             [637.2302856445312, -125.02410888671875],
             [633.9116821289062, -134.5648193359375],
             [631.8377075195312, -142.861083984375],
             [633.4968872070312, -152.81671142578125],
             [630.5930786132812, -160.28338623046875],
             [626.8599243164062, -164.43157958984375],
             [630.1782836914062, -171.068603515625],
             [635.9857177734375, -176.04638671875],
             [621.46728515625, -175.216796875],
             [607.363525390625, -174.3870849609375],
             [595.5451049804688, -172.61639404296875]
           ]
         ]
       },
       "properties": {
         "Id": 0,
         "name": "吐尔根乡",
         "cp": [585.6711120605, -130.6308222497],
       }
     },
     {
       "type": "Feature",
       "geometry": {
         "type": "Polygon",
         "coordinates": [
           [
             [621.46728515625, -175.216796875],
             [621.052490234375, -181.43902587890625],
             [627.2747192382812, -184.75750732421875],
             [638.8895263671875, -184.34271240234375],
             [651.3339233398438, -183.51300048828125],
             [659.6303100585938, -187.66119384765625],
             [673.73388671875, -190.97979736328125],
             [686.1785278320312, -196.787109375],
             [704.8452758789062, -203.0093994140625],
             [699.8674926757812, -207.9871826171875],
             [701.5266723632812, -214.62420654296875],
             [698.6229248046875, -217.94281005859375],
             [704.4302978515625, -220.43170166015625],
             [706.9193115234375, -227.0687255859375],
             [703.6007080078125, -231.6317138671875],
             [705.6749267578125, -237.0242919921875],
             [699.4525146484375, -246.15020751953125],
             [703.6007080078125, -248.22430419921875],
             [709.8228759765625, -244.07611083984375],
             [719.3637084960938, -248.22430419921875],
             [724.3414916992188, -254.03167724609375],
             [726.8305053710938, -260.6688232421875],
             [727.6600952148438, -268.55029296875],
             [725.5858764648438, -272.2835693359375],
             [726.8305053710938, -276.43182373046875],
             [716.0452880859375, -273.528076171875],
             [720.6082763671875, -281.40960693359375],
             [718.1193237304688, -291.7799072265625],
             [711.8970947265625, -299.24658203125],
             [708.9932861328125, -305.46881103515625],
             [708.5784912109375, -315.42437744140625],
             [706.5045166015625, -322.89111328125],
             [699.0377197265625, -325.7947998046875],
             [695.7725219726562, -335.86932373046875],
             [691.3392944335938, -336.33599853515625],
             [686.9058837890625, -337.73590087890625],
             [682.9390869140625, -334.23590087890625],
             [676.4058837890625, -332.135986328125],
             [671.9724731445312, -328.1693115234375],
             [663.572509765625, -327.00262451171875],
             [653.722900390625, -328.4833984375],
             [657.1450805664062, -323.19451904296875],
             [661.189697265625, -315.1055908203125],
             [666.7896728515625, -307.32781982421875],
             [674.8784790039062, -304.5277099609375],
             [685.7675170898438, -300.4833984375],
             [693.8563232421875, -302.66119384765625],
             [697.90087890625, -295.19439697265625],
             [691.3674926757812, -290.2166748046875],
             [690.7453002929688, -281.19439697265625],
             [685.7675170898438, -271.54998779296875],
             [670.2119140625, -273.727783203125],
             [659.0119018554688, -273.41668701171875],
             [657.7672729492188, -267.19439697265625],
             [660.5673217773438, -264.70550537109375],
             [657.7672729492188, -253.81658935546875],
             [645.9451293945312, -253.81658935546875],
             [627.2785034179688, -256.30548095703125],
             [602.70068359375, -250.08319091796875],
             [590.5673217773438, -249.14990234375],
             [583.7227172851562, -246.038818359375],
             [571.2783203125, -247.59429931640625],
             [569.1005249023438, -242.30548095703125],
             [561.9448852539062, -238.8831787109375],
             [561.6339111328125, -231.10540771484375],
             [561.6339111328125, -224.260986328125],
             [564.4338989257812, -213.0609130859375],
             [565.6782836914062, -206.21649169921875],
             [572.2117309570312, -205.283203125],
             [573.4561157226562, -200.9276123046875],
             [571.2783203125, -195.32757568359375],
             [571.2783203125, -190.660888671875],
             [575.6339111328125, -185.0609130859375],
             [579.6782836914062, -181.32757568359375],
             [585.5894775390625, -180.39422607421875],
             [593.6782836914062, -181.0164794921875],
             [596.1672973632812, -177.2830810546875],
             [595.5451049804688, -172.61639404296875],
             [607.363525390625, -174.3870849609375],
             [621.46728515625, -175.216796875]
           ]
         ]
       },
       "properties": {
         "Id": 0,
         "name": "阿热勒托别镇",
         "cp": [640.6711120605, -220.6308222497],
       }
     },
     {
       "type": "Feature",
       "geometry": {
         "type": "Polygon",
         "coordinates": [
           [
             [726.8305053710938, -276.43182373046875],
             [725.5858764648438, -272.28350830078125],
             [727.6600952148438, -268.55029296875],
             [726.8305053710938, -260.6688232421875],
             [724.3414916992188, -254.03167724609375],
             [719.3637084960938, -248.22430419921875],
             [709.8228759765625, -244.07611083984375],
             [703.6007080078125, -248.22430419921875],
             [699.4525146484375, -246.15020751953125],
             [705.6749267578125, -237.0242919921875],
             [703.6007080078125, -231.6317138671875],
             [706.9193115234375, -227.0687255859375],
             [704.4302978515625, -220.43170166015625],
             [698.6229248046875, -217.94281005859375],
             [701.5266723632812, -214.62420654296875],
             [699.8674926757812, -207.9871826171875],
             [704.8452758789062, -203.0093994140625],
             [686.1785278320312, -196.787109375],
             [673.73388671875, -190.97979736328125],
             [659.6303100585938, -187.66119384765625],
             [651.3339233398438, -183.51300048828125],
             [638.8895263671875, -184.34271240234375],
             [627.2747192382812, -184.75750732421875],
             [621.052490234375, -181.43902587890625],
             [621.46728515625, -175.216796875],
             [635.9857177734375, -176.04638671875],
             [630.1782836914062, -171.068603515625],
             [626.8599243164062, -164.43157958984375],
             [630.5930786132812, -160.28338623046875],
             [633.4968872070312, -152.81671142578125],
             [631.8377075195312, -142.861083984375],
             [633.9116821289062, -134.5648193359375],
             [637.2302856445312, -125.02410888671875],
             [650.0894775390625, -124.19439697265625],
             [654.6525268554688, -133.3203125],
             [666.2672729492188, -133.3203125],
             [681.20068359375, -134.1500244140625],
             [698.2081298828125, -133.7352294921875],
             [701.5266723632812, -128.75738525390625],
             [706.9193115234375, -117.97222900390625],
             [704.8452758789062, -110.9202880859375],
             [712.7266845703125, -111.3350830078125],
             [718.1193237304688, -117.55731201171875],
             [728.0748901367188, -125.43890380859375],
             [742.593505859375, -125.43890380859375],
             [755.0379028320312, -123.77960205078125],
             [762.9193115234375, -131.24627685546875],
             [769.9713134765625, -132.90557861328125],
             [771.2156982421875, -139.9573974609375],
             [778.6823120117188, -147.83892822265625],
             [777.0230712890625, -155.30560302734375],
             [782.4157104492188, -164.43157958984375],
             [794.030517578125, -172.7279052734375],
             [800.66748046875, -181.02410888671875],
             [802.326904296875, -188.49090576171875],
             [799.423095703125, -199.2760009765625],
             [794.030517578125, -208.4019775390625],
             [789.467529296875, -215.03900146484375],
             [778.2675170898438, -210.890869140625],
             [776.6082763671875, -217.11309814453125],
             [781.1713256835938, -221.26129150390625],
             [777.8527221679688, -224.57977294921875],
             [784.9044799804688, -228.3131103515625],
             [760.0156860351562, -225.40948486328125],
             [755.0379028320312, -231.216796875],
             [748.815673828125, -245.32061767578125],
             [745.082275390625, -254.03167724609375],
             [751.3045043945312, -257.35028076171875],
             [750.8897094726562, -264.81689453125],
             [747.986083984375, -274.77252197265625],
             [739.689697265625, -277.26141357421875],
             [726.8305053710938, -276.43182373046875]
           ]
         ]
       },
       "properties": {
         "Id": 0,
         "name": "阿勒玛勒乡",
         "cp": [750.6711120605, -190.6308222497],
       }
     },
     {
       "type": "Feature",
       "geometry": {
         "type": "Polygon",
         "coordinates": [
           [
             [761.7520751953125, -275.221923828125],
             [775.5792846679688, -260.28851318359375],
             [783.322509765625, -259.18231201171875],
             [778.897705078125, -242.5897216796875],
             [788.30029296875, -239.82427978515625],
             [785.5347290039062, -234.29339599609375],
             [792.171875, -234.29339599609375],
             [804.3397216796875, -235.39959716796875],
             [826.4633178710938, -243.142822265625],
             [838.631103515625, -235.39959716796875],
             [842.502685546875, -225.44390869140625],
             [843.60888671875, -218.25390625],
             [846.927490234375, -214.3822021484375],
             [855.7769165039062, -218.8070068359375],
             [873.4757080078125, -215.4884033203125],
             [876.2410888671875, -208.29827880859375],
             [892.2807006835938, -207.74517822265625],
             [891.7274780273438, -200.55511474609375],
             [894.4931030273438, -198.89581298828125],
             [912.744873046875, -196.13031005859375],
             [927.1251220703125, -193.36492919921875],
             [945.9301147460938, -193.91802978515625],
             [944.2708740234375, -187.8341064453125],
             [962.522705078125, -183.96240234375],
             [969.712890625, -178.98468017578125],
             [976.3499145507812, -174.55999755859375],
             [971.755126953125, -171.4967041015625],
             [979.6685180664062, -167.36981201171875],
             [988.5178833007812, -166.81671142578125],
             [1001.2388916015625, -167.36981201171875],
             [1013.9598999023438, -171.24139404296875],
             [1018.3847045898438, -168.47601318359375],
             [1029.4462890625, -170.13519287109375],
             [1040.5081176757812, -165.15740966796875],
             [1048.8045043945312, -169.58221435546875],
             [1068.1624755859375, -166.81671142578125],
             [1083.0958862304688, -166.81671142578125],
             [1091.3922729492188, -173.45379638671875],
             [1106.8787231445312, -173.45379638671875],
             [1116.8342895507812, -179.53778076171875],
             [1127.3428955078125, -182.30322265625],
             [1133.4268798828125, -187.8341064453125],
             [1147.2540893554688, -191.152587890625],
             [1148.913330078125, -187.281005859375],
             [1149.46630859375, -197.78961181640625],
             [1161.081298828125, -197.23651123046875],
             [1173.2490844726562, -197.23651123046875],
             [1190.3948974609375, -202.21429443359375],
             [1193.1602783203125, -197.23651123046875],
             [1215.2838745117188, -197.23651123046875],
             [1231.8762817382812, -206.63897705078125],
             [1239.6196899414062, -212.169921875],
             [1253.4468994140625, -217.147705078125],
             [1249.0220947265625, -227.65631103515625],
             [1244.5974731445312, -233.18719482421875],
             [1226.3455200195312, -245.3551025390625],
             [1218.04931640625, -251.9921875],
             [1203.1159057617188, -250.3328857421875],
             [1198.6911010742188, -258.07611083984375],
             [1177.6738891601562, -256.4168701171875],
             [1164.952880859375, -276.881103515625],
             [1166.05908203125, -285.177490234375],
             [1174.3552856445312, -287.3897705078125],
             [1165.5059204101562, -290.70831298828125],
             [1168.8245239257812, -295.68609619140625],
             [1183.7578735351562, -292.36761474609375],
             [1194.2664794921875, -294.02691650390625],
             [1193.1602783203125, -303.98248291015625],
             [1183.7578735351562, -310.06640625],
             [1197.5850830078125, -312.831787109375],
             [1208.646728515625, -318.3626708984375],
             [1214.730712890625, -325.55279541015625],
             [1232.4295043945312, -334.95538330078125],
             [1231.3233032226562, -344.3577880859375],
             [1219.70849609375, -347.123291015625],
             [1197.0319213867188, -347.123291015625],
             [1171.0366821289062, -350.994873046875],
             [1150.0194702148438, -349.888671875],
             [1126.2366943359375, -351.54791259765625],
             [1104.11328125, -350.994873046875],
             [1108.5379028320312, -368.6937255859375],
             [1101.3477172851562, -374.224609375],
             [1106.8787231445312, -381.9677734375],
             [1099.135498046875, -383.6270751953125],
             [1090.839111328125, -375.8837890625],
             [1087.5205078125, -368.140625],
             [1078.6710815429688, -368.140625],
             [1070.3748779296875, -362.60968017578125],
             [1076.4586791992188, -354.31341552734375],
             [1059.3131103515625, -348.2294921875],
             [1043.2734985351562, -348.2294921875],
             [1032.764892578125, -344.3577880859375],
             [1011.1945190429688, -344.3577880859375],
             [999.5797119140625, -346.01708984375],
             [999.0264892578125, -334.95538330078125],
             [992.3895263671875, -326.65899658203125],
             [987.4116821289062, -320.57501220703125],
             [984.0930786132812, -311.7257080078125],
             [960.863525390625, -305.6417236328125],
             [939.2930908203125, -298.45159912109375],
             [919.9351196289062, -296.79229736328125],
             [909.4263305664062, -302.87628173828125],
             [899.4708862304688, -297.89849853515625],
             [891.1744995117188, -297.89849853515625],
             [881.2188720703125, -290.70831298828125],
             [876.7941284179688, -291.81451416015625],
             [874.0286865234375, -286.28369140625],
             [855.223876953125, -281.305908203125],
             [847.4805297851562, -280.19970703125],
             [839.7373046875, -270.79718017578125],
             [831.4411010742188, -270.79718017578125],
             [834.2064819335938, -281.305908203125],
             [827.0162963867188, -282.965087890625],
             [795.4902954101562, -281.85888671875],
             [761.7520751953125, -275.221923828125]
           ]
         ]
       },
       "properties": {
         "Id": 0,
         "name": "那拉提镇"
       }
     },
     {
       "type": "Feature",
       "geometry": {
         "type": "Polygon",
         "coordinates": [
           [
             [971.755126953125, -171.4967041015625],
             [976.3499145507812, -174.55999755859375],
             [969.712890625, -178.98468017578125],
             [962.522705078125, -183.96240234375],
             [944.2708740234375, -187.8341064453125],
             [945.9301147460938, -193.91802978515625],
             [927.1251220703125, -193.36492919921875],
             [912.744873046875, -196.13031005859375],
             [894.4931030273438, -198.89581298828125],
             [891.7274780273438, -200.55511474609375],
             [892.2807006835938, -207.74517822265625],
             [876.2410888671875, -208.29827880859375],
             [873.4757080078125, -215.4884033203125],
             [855.7769165039062, -218.8070068359375],
             [846.927490234375, -214.3822021484375],
             [843.60888671875, -218.25390625],
             [842.502685546875, -225.44390869140625],
             [838.631103515625, -235.39959716796875],
             [826.4633178710938, -243.142822265625],
             [804.3397216796875, -235.39959716796875],
             [792.171875, -234.29339599609375],
             [785.5347290039062, -234.29339599609375],
             [788.30029296875, -239.82427978515625],
             [778.897705078125, -242.5897216796875],
             [783.322509765625, -259.18231201171875],
             [775.5792846679688, -260.28851318359375],
             [761.7520751953125, -275.221923828125],
             [747.986083984375, -274.77252197265625],
             [750.8897094726562, -264.81689453125],
             [751.3045043945312, -257.35028076171875],
             [745.082275390625, -254.03167724609375],
             [748.815673828125, -245.32061767578125],
             [755.0379028320312, -231.216796875],
             [760.0156860351562, -225.40948486328125],
             [784.9044799804688, -228.3131103515625],
             [777.8527221679688, -224.5797119140625],
             [781.1713256835938, -221.26129150390625],
             [776.6082763671875, -217.11309814453125],
             [778.2675170898438, -210.89080810546875],
             [789.467529296875, -215.03900146484375],
             [794.030517578125, -208.4019775390625],
             [799.423095703125, -199.2760009765625],
             [802.326904296875, -188.49090576171875],
             [800.66748046875, -181.02410888671875],
             [794.030517578125, -172.7279052734375],
             [782.4157104492188, -164.43157958984375],
             [777.0230712890625, -155.30560302734375],
             [778.6823120117188, -147.83892822265625],
             [771.2156982421875, -139.9573974609375],
             [778.1701049804688, -143.59619140625],
             [787.2265014648438, -143.46502685546875],
             [791.8201293945312, -145.302490234375],
             [797.3327026367188, -144.90869140625],
             [803.1077270507812, -142.94000244140625],
             [809.9326782226562, -146.48370361328125],
             [823.3203125, -146.09002685546875],
             [834.4765014648438, -140.70867919921875],
             [841.9578857421875, -142.28369140625],
             [843.53271484375, -146.87750244140625],
             [846.551513671875, -150.42120361328125],
             [852.589111328125, -146.87750244140625],
             [861.1203002929688, -147.27117919921875],
             [878.4534912109375, -144.14019775390625],
             [891.7274780273438, -151.8834228515625],
             [909.4263305664062, -155.7550048828125],
             [911.638671875, -159.073486328125],
             [925.4658813476562, -155.7550048828125],
             [938.1868896484375, -151.330322265625],
             [954.2265014648438, -152.989501953125],
             [958.0980834960938, -158.5203857421875],
             [964.18212890625, -158.5203857421875],
             [964.735107421875, -166.81671142578125],
             [971.755126953125, -171.4967041015625]
           ]
         ]
       },
       "properties": {
         "Id": 0,
         "name": "坎苏乡",
         "cp": [840.6711120605, -170.6308222497],
       }
     },
     {
       "type": "Feature",
       "geometry": {
         "type": "Polygon",
         "coordinates": [
           [
             [999.5797119140625, -346.01708984375],
             [981.3276977539062, -349.15130615234375],
             [976.16552734375, -355.0509033203125],
             [959.9417114257812, -360.2130126953125],
             [954.7794799804688, -353.57598876953125],
             [946.66748046875, -357.26318359375],
             [935.6058959960938, -360.95050048828125],
             [923.0692749023438, -354.31341552734375],
             [912.744873046875, -357.26318359375],
             [909.7951049804688, -363.16278076171875],
             [903.1580810546875, -357.26318359375],
             [890.6212768554688, -362.4254150390625],
             [892.8336791992188, -371.2747802734375],
             [875.872314453125, -366.11260986328125],
             [861.1234741210938, -360.2130126953125],
             [861.8609008789062, -355.0509033203125],
             [854.486328125, -351.36358642578125],
             [844.8994750976562, -356.52569580078125],
             [838.2625122070312, -355.0509033203125],
             [827.9381103515625, -364.6376953125],
             [815.4014892578125, -372.74969482421875],
             [792.54052734375, -371.2747802734375],
             [784.4285278320312, -363.90020751953125],
             [762.3051147460938, -366.85009765625],
             [758.617919921875, -361.68792724609375],
             [745.3436889648438, -360.2130126953125],
             [730.5947265625, -357.26318359375],
             [724.6951293945312, -366.11260986328125],
             [710.7058715820312, -368.769287109375],
             [708.1392822265625, -362.002685546875],
             [714.6724853515625, -357.8026123046875],
             [711.1724853515625, -355.23602294921875],
             [709.305908203125, -350.8026123046875],
             [710.9392700195312, -346.36932373046875],
             [705.805908203125, -346.36932373046875],
             [703.9390869140625, -348.002685546875],
             [696.4724731445312, -345.902587890625],
             [695.072509765625, -339.135986328125],
             [695.7725219726562, -335.86932373046875],
             [699.0377197265625, -325.7947998046875],
             [706.5045166015625, -322.89111328125],
             [708.5784912109375, -315.42437744140625],
             [708.9932861328125, -305.46881103515625],
             [711.8970947265625, -299.24658203125],
             [718.1193237304688, -291.7799072265625],
             [720.6082763671875, -281.40960693359375],
             [716.0452880859375, -273.528076171875],
             [726.8305053710938, -276.43182373046875],
             [739.689697265625, -277.26141357421875],
             [747.986083984375, -274.77252197265625],
             [761.7520751953125, -275.221923828125],
             [795.4902954101562, -281.85888671875],
             [827.0162963867188, -282.965087890625],
             [834.2064819335938, -281.305908203125],
             [831.4411010742188, -270.79718017578125],
             [839.7373046875, -270.79718017578125],
             [847.4805297851562, -280.19970703125],
             [855.223876953125, -281.305908203125],
             [874.0286865234375, -286.28369140625],
             [876.7941284179688, -291.81451416015625],
             [881.2188720703125, -290.70831298828125],
             [891.1744995117188, -297.89849853515625],
             [899.4708862304688, -297.89849853515625],
             [909.4263305664062, -302.87628173828125],
             [919.9351196289062, -296.79229736328125],
             [939.2930908203125, -298.45159912109375],
             [960.863525390625, -305.6417236328125],
             [984.0930786132812, -311.7257080078125],
             [987.4116821289062, -320.57501220703125],
             [992.3895263671875, -326.65899658203125],
             [999.0264892578125, -334.95538330078125],
             [999.5797119140625, -346.01708984375]
           ]
         ]
       },
       "properties": {
         "Id": 0,
         "name": "新源县直属"
       }
     }
   ]
 };
 /*获取地图数据*/
 let chunGeoCoordMap = {
   '玉石布拉克村': [415.15, -205.89],
 };
 let zhengGeoCoordMap = {};
 echarts.registerMap('xinyuan', mapdata);
 var mapFeatures = echarts.getMap('xinyuan').geoJson.features;
 mapFeatures.forEach(function(v) {
   // 地区名称
   var name = v.properties.name;
   // 地区经纬度
   zhengGeoCoordMap[name] = v.properties.cp;

 });
 let convertData = function(data) {
   var res = [];
   for (let key in chunGeoCoordMap) {
     var geoCoord = chunGeoCoordMap[key];
     console.log(geoCoord)
     if (geoCoord) {
       geoCoord.push(1)
       res.push({
         name: key,
         value: geoCoord
       });
     }
   }
   console.log(res);
   return res;
 };
 option = {
   title: {
     text: '新源县行政区划',
     left: 'right'
   },
   geo: {
     show: true,
     map: 'xinyuan',
     label: {
       normal: {
         show: true
       },
       emphasis: {
         show: true,
       }
     },
     roam: true
   },
   toolbox: {
     show: true,
     //orient: 'vertical',
     left: 'left',
     top: 'top',
     feature: {
       dataView: {
         readOnly: false
       },
       restore: {},
       saveAsImage: {}
     }
   },
   series: [{
     name: 'xinyuan PopEstimates',
     type: 'scatter',
     coordinateSystem: 'geo',
     data: convertData(data),
     label: {
       normal: {
         formatter: '{b}',
         position: 'right',
         show: true
       },
       emphasis: {
         show: true
       }
     }
   }]
 };

 myChart.setOption(option);