        var option = {
          title: {
            text: '折线图堆叠'
          },
          tooltip: {
            trigger: 'axis'
          },
          legend: {
            data: ['东四', '天坛', '官园', '万寿西宫', '奥体中心', '农展馆', '万柳', '北部新区', '植物园', '丰台花园', '云岗', '古城', '房山', '大兴', '亦庄', '通州', '顺义', '昌平', '门头沟', '平谷', '怀柔', '密云', '延庆', '定陵', '八达岭', '东高村', '琉璃河', '前门', '永定门内', '西直门北', '南三环', '东四环']
          },
          grid: {
            left: '3%',
            right: '4%',
            bottom: '3%',
            containLabel: true
          },
          toolbox: {
            feature: {
              saveAsImage: {}
            }
          },
          xAxis: {
            type: 'category',
            boundaryGap: false,
            data: ['0', '1', '2', '3', '4', '5', '6', '7', '8', '9', '10', '11', '12', '13', '14', '15', '16', '17', '18', '19', '20', '21', '22', '23', '0', '1', '2', '3', '4', '5', '6', '7', '8', '9', '10', '11', '12', '13', '14', '15', '16', '17', '18', '19', '20', '21', '22', '23']
          },
          yAxis: {
            type: 'value'
          },
          series: [{
              name: '东四',
              type: 'line',
              stack: '总量',
              data: [111, 119, 124, 129, 135, 141, 144, 146, 147, 149, 149, 150, 152, 155, 159, 160, 160, 164, 174, 183, 189, 195, 201, 205, 208, 211, 216, 223, 229, 229, 229, 230, 233, 234, 236, 236, 236, 234, 232, 230, 229, 222, 213, 205, 196, 187, 179, 173]
            },
            {
              name: '天坛',
              type: 'line',
              stack: '总量',
              data: [95, 103, 111, 121, 127, 132, 137, 139, 140, 141, 142, 142, 143, 145, 146, 146, 145, 151, 161, 170, 177, 184, 191, 197, 202, 207, 211, 213, 216, 221, 223, 225, 227, 229, 231, 229, 227, 226, 225, 223, '-', 214, 206, 197, 188, 178, 170, 165]
            },
            {
              name: '官园',
              type: 'line',
              stack: '总量',
              data: [105, 111, 115, 122, 130, 133, 136, 136, 137, 137, 140, 142, 143, 144, 146, 146, 146, 151, 158, 165, 172, 179, 186, 193, 196, 198, 202, 203, 207, 213, 218, 222, 226, 230, 231, 231, 231, 231, 230, 229, 227, 220, 213, 205, 193, 184, 176, 169]
            },
            {
              name: '万寿西宫',
              type: 'line',
              stack: '总量',
              data: [111, 124, 138, 147, 153, 159, 164, 166, 166, 167, 169, 170, 170, 171, 172, 171, 174, 185, 194, 202, 208, 214, 219, 223, 228, 234, 236, 238, 242, 247, 250, 252, 254, 256, 258, 259, 257, 257, 256, 255, 251, 240, 230, 222, 214, 207, 201, 194]
            },
            {
              name: '奥体中心',
              type: 'line',
              stack: '总量',
              data: [94, 101, 109, 116, 120, 122, 123, 124, 125, 126, 128, 129, 131, 133, 136, 138, 138, 138, 146, 154, 158, 162, 165, 168, 169, 171, 173, 178, 185, 192, 198, 203, 209, 215, 217, 218, 218, 217, 215, 213, 211, 209, 201, 190, 183, 176, 172, 169]
            },
            {
              name: '农展馆',
              type: 'line',
              stack: '总量',
              data: [101, 107, 113, 119, 126, 133, 138, 141, 142, 144, 144, 145, 147, 152, 157, 162, 165, 169, 179, 187, 192, 197, 202, 206, 214, 224, 234, 245, 254, 259, 261, 262, 263, 265, 266, 266, 265, 262, 258, 254, 251, 245, 237, 230, 225, 220, 214, 209]
            },
            {
              name: '万柳',
              type: 'line',
              stack: '总量',
              data: [157, 163, 167, 175, 183, 190, 193, 194, 196, 198, 203, 206, 209, 212, 214, 215, 215, 218, 222, 227, 233, 237, 239, 240, 241, 246, 250, 252, 253, 255, 261, 269, 276, 282, 288, 291, 291, 289, 288, 287, 284, 278, 271, 265, 255, 248, 245, 245]
            },
            {
              name: '北部新区',
              type: 'line',
              stack: '总量',
              data: [114, 114, 114, 113, 114, 117, 121, 126, 131, 135, 138, 140, 142, 147, 152, 155, 156, 157, 157, 158, 160, 163, 170, 174, 179, 184, 190, 195, 200, 204, 207, 209, 210, 214, 220, 226, 229, 227, 225, 225, 225, 224, 224, 224, 223, 223, 220, 219]
            },
            {
              name: '植物园',
              type: 'line',
              stack: '总量',
              data: [82, 86, 89, 93, 96, 99, 101, 102, 103, 104, 105, 109, 113, 118, 121, 122, 123, 123, 125, 127, 130, 132, 135, 140, 145, 150, 154, 157, 160, 164, 169, 175, 180, 185, 190, 191, 189, 186, 185, 184, 183, 181, 176, 168, 160, 156, 155, 151]
            },
            {
              name: '丰台花园',
              type: 'line',
              stack: '总量',
              data: [166, 169, 169, 171, 179, 187, 195, 199, 200, 201, 201, 202, 203, 204, 204, 205, 209, 215, 220, 226, 233, 238, 243, 250, 250, 250, 251, 252, 252, 253, 254, 259, 264, 268, 273, 275, 275, 274, 273, 272, 264, 256, 249, 242, 232, 224, 215, 204]
            },
            {
              name: '云岗',
              type: 'line',
              stack: '总量',
              data: [145, 146, 146, 148, 150, 151, 153, 155, 157, 159, 162, 164, 166, 168, 171, 173, 175, 178, 183, 191, 200, 206, 214, 221, 223, 226, 228, 231, 233, 234, 236, 239, 241, 243, 246, 249, 249, 248, 247, 245, 240, 237, 232, 226, 222, 215, 205, 194]
            },
            {
              name: '古城',
              type: 'line',
              stack: '总量',
              data: [117, 120, 121, 125, 128, 130, 131, 131, 133, 134, 136, 139, 143, 145, 147, 148, 149, 151, 154, 160, 166, 169, 171, 175, 177, 180, 182, 184, 184, 184, 186, 189, 190, 191, 194, 196, 195, 194, 192, 191, 187, 182, 177, 167, 160, 154, 151, 151]
            },
            {
              name: '房山',
              type: 'line',
              stack: '总量',
              data: [215, 215, 216, 219, 221, 223, 225, 227, 227, 227, 228, 233, 237, 240, 242, 243, 246, 251, 257, 264, 270, 275, 283, 286, 288, 290, 291, 291, 294, 296, 298, 300, 303, 304, 304, 303, 303, 302, 300, 295, 290, 284, 278, 271, 263, 253, 243, 239]
            },
            {
              name: '大兴',
              type: 'line',
              stack: '总量',
              data: [205, 215, 223, 231, 243, 258, 269, 277, 285, 293, 302, 314, 323, 328, 335, 341, 348, 355, 360, 364, 369, 374, 377, 381, 381, 380, 382, 387, 388, 385, 381, 376, 370, 366, 361, 354, 347, 339, 327, 320, 310, 300, 291, 284, 277, 270, 263, 256]
            },
            {
              name: '亦庄',
              type: 'line',
              stack: '总量',
              data: [142, 161, 183, 205, 223, 239, 248, 253, 259, 262, 265, 269, 271, 272, 274, 278, 284, 291, 299, 307, 312, 316, 320, 325, 330, 333, 334, 336, 337, 339, 343, 344, 343, 352, 356, 355, 353, 352, 349, 343, 333, 325, 315, 307, 300, 293, 284, 274]
            },
            {
              name: '通州',
              type: 'line',
              stack: '总量',
              data: [116, 134, 155, 182, 206, 218, 226, 231, 234, 241, 247, 253, 261, 270, 280, 290, 297, 302, 308, 314, 320, 327, 335, 339, 345, 351, 353, 355, 349, 345, 342, 340, 339, 335, 333, 331, 325, 316, 306, 295, 288, 282, 274, 269, 265, 261, 255, 250]
            },
            {
              name: '顺义',
              type: 'line',
              stack: '总量',
              data: [58, 63, 66, 69, 70, 71, 72, 73, 74, 75, 77, 79, 83, 86, 89, 95, 102, 110, 121, 134, 145, 159, 176, 191, 201, 204, 206, 207, 210, 212, 214, 216, 217, 217, 217, 215, 213, 211, 209, 203, 195, 184, 173, 159, 146, 134, 121, 111]
            },
            {
              name: '昌平',
              type: 'line',
              stack: '总量',
              data: [102, 105, 107, 106, 104, 104, 105, 104, 103, 103, 102, 104, 107, 110, 114, 117, 120, 122, 123, 124, 126, 129, 132, 135, 138, 140, 143, 144, 150, 157, 161, 166, 173, 180, 184, 186, 187, 188, 189, 186, 184, 182, 180, 178, 176, 173, 171, 168]
            },
            {
              name: '门头沟',
              type: 'line',
              stack: '总量',
              data: [105, 105, 106, 107, 108, 108, 109, 109, 110, 111, 111, 112, 114, 116, 118, 119, 121, 122, 124, 126, 127, 127, 128, 128, 130, 131, 132, 134, 135, 137, 138, 139, 140, 142, 145, 147, 149, 150, 149, 148, 145, 142, 137, 131, 128, 127, 127, 127]
            },
            {
              name: '平谷',
              type: 'line',
              stack: '总量',
              data: [59, 63, 65, 67, 68, 69, 70, 72, 74, 77, 78, 80, 87, 96, 102, 106, 114, 125, 140, 161, 179, 194, 205, 212, 219, 227, 233, 239, 245, 250, 256, 260, 264, 265, 267, 269, 269, 267, 264, 258, 253, 246, 234, 219, 206, 190, 179, 170]
            },
            {
              name: '怀柔',
              type: 'line',
              stack: '总量',
              data: [51, 53, 54, 57, 58, 60, 61, 61, 62, 63, 65, 66, 68, 70, 70, 70, 71, 73, 75, 77, 78, 80, 83, 85, 86, 88, 90, 91, 92, 94, 96, 98, 99, 100, 100, 100, 101, 99, 99, 97, 96, 116, 117, 115, 115, 115, 113, 112]
            },
            {
              name: '密云',
              type: 'line',
              stack: '总量',
              data: [41, 43, 44, 46, 47, 49, 50, 51, 53, 55, 59, 61, 63, 64, 65, 66, 68, 70, 73, 76, 80, 84, 87, 91, 93, 96, 98, 100, 101, 102, 102, 102, 103, 103, 102, 100, 99, 99, 99, 98, 96, 94, 91, 88, 85, 83, 83, 83]
            },
            {
              name: '延庆',
              type: 'line',
              stack: '总量',
              data: [98, 101, 106, 109, 113, 117, 121, 123, 125, 127, 127, 131, 134, 138, 142, 144, 147, 150, 152, 157, 159, 160, 166, 171, 174, 178, 182, 186, 191, 194, 198, 202, 204, 208, 212, 215, 216, 216, 214, 214, 213, 212, 211, 209, 206, 204, 201, 197]
            },
            {
              name: '定陵',
              type: 'line',
              stack: '总量',
              data: [63, 66, 69, 71, 73, 75, 77, 79, 81, 83, 87, 94, 98, 102, 106, 109, 111, 114, 116, 118, 121, 124, 127, 130, 132, 135, 136, 138, 140, 141, 141, 140, 140, 138, 134, 128, 123, 123, 125, 125, 125, 125, 124, 126, 123, 121, 119, 119]
            },
            {
              name: '八达岭',
              type: 'line',
              stack: '总量',
              data: [45, 47, 48, 50, 52, 54, 56, 58, 60, 62, 65, 67, 69, 72, 74, 77, 79, 81, 84, 88, 91, 93, 95, 98, 100, 102, 103, 103, 104, 104, 104, 103, 102, 100, 99, 98, 97, 95, 93, 92, 91, 89, 90, 90, 89, 88, 86, 84]
            },
            {
              name: '东高村',
              type: 'line',
              stack: '总量',
              data: [58, 66, 74, 82, 90, 98, 106, 114, 120, 127, 134, 143, 155, 164, 173, 184, 195, 206, 219, 234, 243, 250, 259, 266, 272, 276, 277, 278, 277, 274, 270, 266, 263, 260, 256, 250, 242, 237, 233, 228, 221, 213, 202, 187, 177, 168, 158, 150]
            },
            {
              name: '琉璃河',
              type: 'line',
              stack: '总量',
              data: [246, 250, 252, 255, 257, 261, 266, 269, 274, 280, 285, 290, 295, 300, 302, 308, 313, 319, 325, 327, 335, 341, 345, 348, 347, 350, 357, 360, 361, 362, 364, 366, 368, 368, 369, 371, 363, 360, 358, 353, 348, 340, 333, 326, 316, 311, 307, 303]
            },
            {
              name: '前门',
              type: 'line',
              stack: '总量',
              data: [118, 128, 135, 142, 147, 152, 156, 158, 159, 160, 161, 162, 162, 164, 166, 165, 165, 174, 185, 193, 200, 206, 211, 215, 220, 223, 226, 230, 237, 242, 243, 244, 247, 250, 252, 253, 254, 253, 251, 250, 248, 238, 229, 221, 213, 206, 202, 199]
            },
            {
              name: '永定门内',
              type: 'line',
              stack: '总量',
              data: [106, 115, 125, 132, 138, 142, 147, 149, 149, 150, 151, 152, 153, 154, 155, 154, 154, 164, 173, 180, 188, 196, 203, 208, 212, 218, 219, 222, 228, 232, 233, 234, 236, 239, 240, 241, 241, 241, 240, 239, 236, 227, 219, 211, 205, 198, 192, 189]
            },
            {
              name: '西直门北',
              type: 'line',
              stack: '总量',
              data: [99, 103, 108, 117, 122, 124, 125, 126, 126, 127, 130, 131, 132, 134, 135, 136, 136, 139, 145, 150, 156, 161, 168, 172, 173, 178, 181, 183, 192, 199, 203, 207, 211, 214, 215, 216, 216, 216, 215, 214, 213, 208, 199, 190, 180, 171, 163, 159]
            },
            {
              name: '南三环',
              type: 'line',
              stack: '总量',
              data: [125, 139, 154, 172, 185, 191, 197, 200, 201, 202, 203, 204, 204, 204, 204, 203, 206, 213, 220, 225, 231, 237, 242, 249, 254, 259, 262, 261, 261, 267, 268, 269, 271, 274, 275, 277, 278, 279, 278, 277, 271, 261, 252, 244, 237, 230, 224, 218]
            },
            {
              name: '东四环',
              type: 'line',
              stack: '总量',
              data: [98, 105, 112, 119, 126, 133, 137, 141, 143, 145, 147, 147, 150, 156, 161, 167, 171, 178, 188, 196, 201, 203, 206, 210, 219, 229, 240, 250, 256, 257, 257, 257, 258, 260, 260, 261, 259, 255, 251, 246, 243, 235, 228, 222, 218, 214, 210, 205]
            }
          ]
        };